FP
0.124152
0.076638
0.060625
0.050492
0.044737
0.039908
0.036705
0.033753
0.031626
0.030075
0.028148
0.026597
0.025246
0.024295
0.023569
0.022769
0.021843
0.021042
0.020367
0.019741
0.018866
0.018190
0.017665
0.017189
0.016739
0.016313
0.015813
0.015438
0.014962
0.014687
0.014437
0.013987
0.013561
0.013186
0.012710
0.012460
0.012210
0.011885
0.011459
0.011234
0.010984
0.010759
0.010434
0.010183
0.009908
0.009583
0.009383
0.009108
0.008807
0.008632
0.008357
0.008157
0.007856
0.007731
0.007431
0.007281
0.007081
0.006931
0.006831
0.006681
0.006505
0.006255
0.006155
0.005955
0.005780
0.005404
0.005254
0.004979
0.004879
0.004754
0.004579
0.004429
0.004279
0.004103
0.004053
0.003928
0.003753
0.003628
0.003453
0.003228
0.003203
0.003027
0.002877
0.002702
0.002502
0.002327
0.002227
0.002152
0.001977
0.001852
0.001676
0.001276
0.001101
0.000976
0.000776
0.000676
0.000425
0.000225
0.000075
TP
0.999850
0.999551
0.999201
0.998952
0.998702
0.998602
0.998253
0.998003
0.997704
0.997354
0.997105
0.996755
0.996456
0.995907
0.995557
0.995158
0.994858
0.994509
0.994309
0.994010
0.993810
0.993510
0.993311
0.992911
0.992812
0.992562
0.992412
0.991963
0.991563
0.991364
0.991114
0.990765
0.990365
0.990116
0.989816
0.989617
0.989267
0.988818
0.988419
0.987919
0.987320
0.986871
0.986372
0.986072
0.985723
0.985323
0.984525
0.983926
0.983526
0.982877
0.982378
0.981629
0.981180
0.980631
0.980232
0.979782
0.979034
0.978534
0.977536
0.976787
0.975889
0.974790
0.974141
0.972993
0.972444
0.971645
0.970697
0.970148
0.969000
0.967802
0.967153
0.965755
0.964607
0.963359
0.962360
0.961212
0.959016
0.957568
0.955571
0.953674
0.951977
0.950579
0.948682
0.946236
0.943790
0.941544
0.939696
0.936452
0.933307
0.928664
0.924171
0.919429
0.913838
0.906000
0.897115
0.885284
0.866963
0.833866
0.761781
Threshold
0.010000
0.020000
0.030000
0.040000
0.050000
0.060000
0.070000
0.080000
0.090000
0.100000
0.110000
0.120000
0.130000
0.140000
0.150000
0.160000
0.170000
0.180000
0.190000
0.200000
0.210000
0.220000
0.230000
0.240000
0.250000
0.260000
0.270000
0.280000
0.290000
0.300000
0.310000
0.320000
0.330000
0.340000
0.350000
0.360000
0.370000
0.380000
0.390000
0.400000
0.410000
0.420000
0.430000
0.440000
0.450000
0.460000
0.470000
0.480000
0.490000
0.500000
0.510000
0.520000
0.530000
0.540000
0.550000
0.560000
0.570000
0.580000
0.590000
0.600000
0.610000
0.620000
0.630000
0.640000
0.650000
0.660000
0.670000
0.680000
0.690000
0.700000
0.710000
0.720000
0.730000
0.740000
0.750000
0.760000
0.770000
0.780000
0.790000
0.800000
0.810000
0.820000
0.830000
0.840000
0.850000
0.860000
0.870000
0.880000
0.890000
0.900000
0.910000
0.920000
0.930000
0.940000
0.950000
0.960000
0.970000
0.980000
0.990000
