#FP  TP  Thr
0.173419
0.166410
0.147401
0.141613
0.134126
0.129560
0.124569
0.120055
0.116285
0.112887
0.109223
0.106090
0.102692
0.099825
0.097595
0.094993
0.091701
0.088621
0.085807
0.083842
0.081612
0.079966
0.078161
0.076090
0.074338
0.072214
0.069824
0.068072
0.065842
0.064408
0.063028
0.061169
0.059364
0.057665
0.056762
0.055328
0.053576
0.052143
0.050868
0.049594
0.047842
0.046620
0.044921
0.043859
0.042213
0.041098
0.039452
0.037859
0.036266
0.034886
0.034036
0.032496
0.031116
0.030638
0.029841
0.028885
0.027930
0.027133
0.026177
0.025328
0.024425
0.023629
0.022832
0.022514
0.021399
0.020390
0.019753
0.018956
0.018213
0.017416
0.016832
0.016460
0.015558
0.015133
0.014177
0.013328
0.012850
0.012425
0.012000
0.011310
0.010567
0.010036
0.009451
0.008390
0.007646
0.006797
0.006372
0.006000
0.005204
0.004620
0.003876
0.003292
0.002761
0.002230
0.001965
0.001487
0.000956
0.000425
0.000159
0.999953
0.999953
0.999929
0.999929
0.999881
0.999834
0.999834
0.999763
0.999739
0.999644
0.999621
0.999621
0.999597
0.999597
0.999407
0.999384
0.999289
0.999265
0.999194
0.999147
0.999028
0.998933
0.998862
0.998791
0.998744
0.998578
0.998507
0.998436
0.998412
0.998270
0.998056
0.997938
0.997796
0.997653
0.997440
0.997227
0.996871
0.996682
0.996539
0.996279
0.996113
0.995876
0.995710
0.995449
0.995212
0.995070
0.994904
0.994667
0.994264
0.993837
0.993411
0.992913
0.992510
0.992131
0.991657
0.991183
0.990614
0.990092
0.989618
0.988978
0.988504
0.987746
0.987011
0.986395
0.985565
0.984806
0.983740
0.983005
0.982247
0.981464
0.980256
0.979213
0.978478
0.977340
0.975965
0.975041
0.973832
0.972434
0.970988
0.969305
0.967172
0.965252
0.963521
0.961080
0.958686
0.955723
0.952926
0.949513
0.945934
0.941572
0.936832
0.931072
0.925146
0.918201
0.909953
0.897698
0.882315
0.859205
0.834886
0.010000
0.020000
0.030000
0.040000
0.050000
0.060000
0.070000
0.080000
0.090000
0.100000
0.110000
0.120000
0.130000
0.140000
0.150000
0.160000
0.170000
0.180000
0.190000
0.200000
0.210000
0.220000
0.230000
0.240000
0.250000
0.260000
0.270000
0.280000
0.290000
0.300000
0.310000
0.320000
0.330000
0.340000
0.350000
0.360000
0.370000
0.380000
0.390000
0.400000
0.410000
0.420000
0.430000
0.440000
0.450000
0.460000
0.470000
0.480000
0.490000
0.500000
0.510000
0.520000
0.530000
0.540000
0.550000
0.560000
0.570000
0.580000
0.590000
0.600000
0.610000
0.620000
0.630000
0.640000
0.650000
0.660000
0.670000
0.680000
0.690000
0.700000
0.710000
0.720000
0.730000
0.740000
0.750000
0.760000
0.770000
0.780000
0.790000
0.800000
0.810000
0.820000
0.830000
0.840000
0.850000
0.860000
0.870000
0.880000
0.890000
0.900000
0.910000
0.920000
0.930000
0.940000
0.950000
0.960000
0.970000
0.980000
0.990000
