#FP  TP  Thr
0.181460
0.173719
0.149486
0.143956
0.133667
0.128618
0.122848
0.118088
0.112751
0.107510
0.104529
0.101260
0.097990
0.095586
0.092990
0.090538
0.088230
0.086403
0.083998
0.082027
0.079719
0.078229
0.076305
0.074286
0.072651
0.070728
0.069526
0.067891
0.066064
0.064574
0.062939
0.061544
0.060439
0.059188
0.057409
0.056352
0.055150
0.053755
0.052505
0.051351
0.049476
0.048226
0.046447
0.045485
0.044475
0.043081
0.042071
0.040869
0.039571
0.038513
0.037407
0.036205
0.035292
0.034330
0.033369
0.032118
0.031109
0.030195
0.028897
0.028128
0.027262
0.026301
0.025435
0.024618
0.023848
0.022983
0.022358
0.021492
0.020675
0.020194
0.019473
0.018704
0.017790
0.016829
0.016203
0.015242
0.014376
0.013559
0.012597
0.011588
0.010770
0.010001
0.009328
0.008510
0.007885
0.006731
0.005962
0.005529
0.005000
0.004375
0.003606
0.002741
0.002404
0.002164
0.001635
0.001058
0.000865
0.000673
0.000096
0.999898
0.999898
0.999898
0.999847
0.999745
0.999693
0.999617
0.999515
0.999464
0.999438
0.999387
0.999310
0.999234
0.999208
0.999208
0.999080
0.998953
0.998851
0.998799
0.998748
0.998723
0.998646
0.998544
0.998493
0.998391
0.998314
0.998135
0.998033
0.997931
0.997727
0.997624
0.997395
0.997318
0.997190
0.996986
0.996730
0.996552
0.996271
0.996143
0.995913
0.995658
0.995402
0.995121
0.994712
0.994355
0.994201
0.993946
0.993691
0.993410
0.992975
0.992592
0.992081
0.991596
0.991417
0.991060
0.990625
0.990293
0.989757
0.988863
0.988326
0.987688
0.986743
0.986002
0.985210
0.984469
0.983575
0.982732
0.981813
0.981148
0.979871
0.978696
0.977445
0.975937
0.974635
0.973204
0.971646
0.970190
0.968632
0.967227
0.965669
0.963523
0.960969
0.958746
0.956294
0.953203
0.950777
0.947379
0.944493
0.940865
0.936242
0.929805
0.921145
0.911081
0.899177
0.886533
0.872407
0.854833
0.818663
0.771585
0.010000
0.020000
0.030000
0.040000
0.050000
0.060000
0.070000
0.080000
0.090000
0.100000
0.110000
0.120000
0.130000
0.140000
0.150000
0.160000
0.170000
0.180000
0.190000
0.200000
0.210000
0.220000
0.230000
0.240000
0.250000
0.260000
0.270000
0.280000
0.290000
0.300000
0.310000
0.320000
0.330000
0.340000
0.350000
0.360000
0.370000
0.380000
0.390000
0.400000
0.410000
0.420000
0.430000
0.440000
0.450000
0.460000
0.470000
0.480000
0.490000
0.500000
0.510000
0.520000
0.530000
0.540000
0.550000
0.560000
0.570000
0.580000
0.590000
0.600000
0.610000
0.620000
0.630000
0.640000
0.650000
0.660000
0.670000
0.680000
0.690000
0.700000
0.710000
0.720000
0.730000
0.740000
0.750000
0.760000
0.770000
0.780000
0.790000
0.800000
0.810000
0.820000
0.830000
0.840000
0.850000
0.860000
0.870000
0.880000
0.890000
0.900000
0.910000
0.920000
0.930000
0.940000
0.950000
0.960000
0.970000
0.980000
0.990000
