#FP  TP  Thr
0.178412
0.170774
0.145794
0.140606
0.130759
0.125955
0.119326
0.114666
0.110198
0.106788
0.103569
0.100159
0.096556
0.093770
0.091272
0.089350
0.086852
0.084402
0.082048
0.080559
0.078494
0.076764
0.074939
0.073450
0.071816
0.069943
0.068310
0.066676
0.065379
0.063698
0.062065
0.060431
0.058894
0.057261
0.055964
0.054331
0.052889
0.051304
0.049911
0.048614
0.047509
0.046500
0.045492
0.044147
0.043234
0.041985
0.040592
0.039391
0.038046
0.036461
0.035596
0.034539
0.033386
0.032041
0.031032
0.030216
0.029207
0.028534
0.027766
0.026949
0.026132
0.025364
0.024499
0.023779
0.022578
0.021665
0.020848
0.020320
0.019599
0.018735
0.017822
0.017101
0.016237
0.015276
0.014651
0.013835
0.012922
0.012298
0.011721
0.011145
0.010472
0.009752
0.009271
0.008551
0.007974
0.007062
0.006533
0.005861
0.005140
0.004179
0.003555
0.003026
0.002450
0.002018
0.001537
0.001249
0.000961
0.000528
0.000240
0.999870
0.999870
0.999766
0.999766
0.999662
0.999636
0.999558
0.999480
0.999454
0.999428
0.999350
0.999246
0.999168
0.999142
0.999090
0.999012
0.998960
0.998908
0.998856
0.998804
0.998752
0.998674
0.998570
0.998492
0.998414
0.998310
0.998232
0.998102
0.998050
0.997894
0.997790
0.997425
0.997165
0.996957
0.996775
0.996567
0.996437
0.996333
0.996099
0.995943
0.995709
0.995553
0.995319
0.995085
0.994955
0.994695
0.994435
0.994175
0.993915
0.993603
0.993291
0.992900
0.992354
0.991886
0.991314
0.990846
0.990170
0.989312
0.988687
0.988037
0.987335
0.986425
0.985333
0.984267
0.983538
0.982810
0.981848
0.980756
0.979481
0.978493
0.977713
0.976543
0.975295
0.974280
0.972954
0.971446
0.970015
0.968247
0.966505
0.964658
0.962760
0.960757
0.958235
0.955738
0.953216
0.949653
0.946714
0.943385
0.940083
0.934752
0.929238
0.920266
0.910488
0.898734
0.886823
0.872078
0.851325
0.813097
0.751775
0.010000
0.020000
0.030000
0.040000
0.050000
0.060000
0.070000
0.080000
0.090000
0.100000
0.110000
0.120000
0.130000
0.140000
0.150000
0.160000
0.170000
0.180000
0.190000
0.200000
0.210000
0.220000
0.230000
0.240000
0.250000
0.260000
0.270000
0.280000
0.290000
0.300000
0.310000
0.320000
0.330000
0.340000
0.350000
0.360000
0.370000
0.380000
0.390000
0.400000
0.410000
0.420000
0.430000
0.440000
0.450000
0.460000
0.470000
0.480000
0.490000
0.500000
0.510000
0.520000
0.530000
0.540000
0.550000
0.560000
0.570000
0.580000
0.590000
0.600000
0.610000
0.620000
0.630000
0.640000
0.650000
0.660000
0.670000
0.680000
0.690000
0.700000
0.710000
0.720000
0.730000
0.740000
0.750000
0.760000
0.770000
0.780000
0.790000
0.800000
0.810000
0.820000
0.830000
0.840000
0.850000
0.860000
0.870000
0.880000
0.890000
0.900000
0.910000
0.920000
0.930000
0.940000
0.950000
0.960000
0.970000
0.980000
0.990000
