#FP  TP  Thr
0.173029
0.166075
0.141810
0.136181
0.127288
0.122605
0.117591
0.114044
0.110354
0.107232
0.104158
0.101982
0.099286
0.096542
0.093846
0.091859
0.089589
0.087981
0.085947
0.083392
0.081642
0.080318
0.078710
0.077385
0.076155
0.074452
0.073081
0.071520
0.069770
0.068019
0.066884
0.065323
0.064141
0.062107
0.060499
0.059269
0.057708
0.056714
0.055295
0.053829
0.052741
0.051417
0.049903
0.048626
0.047869
0.046545
0.045457
0.044180
0.043281
0.042382
0.041578
0.040727
0.039922
0.039071
0.038078
0.037179
0.036422
0.035523
0.034530
0.033679
0.032685
0.031645
0.030982
0.029895
0.028948
0.027908
0.026773
0.025874
0.024881
0.023793
0.022752
0.021569
0.020103
0.019488
0.018873
0.018116
0.016981
0.015799
0.014900
0.014332
0.013150
0.012109
0.011447
0.010501
0.009555
0.008798
0.007947
0.006859
0.006102
0.005345
0.004494
0.003690
0.003169
0.002412
0.001892
0.001466
0.001277
0.000946
0.000568
0.999973
0.999919
0.999865
0.999811
0.999675
0.999594
0.999567
0.999513
0.999513
0.999459
0.999459
0.999405
0.999377
0.999323
0.999323
0.999269
0.999188
0.999188
0.999080
0.999026
0.998999
0.998890
0.998863
0.998809
0.998674
0.998620
0.998593
0.998484
0.998484
0.998403
0.998349
0.998214
0.998024
0.997970
0.997808
0.997645
0.997375
0.997050
0.996806
0.996535
0.996292
0.996184
0.995832
0.995588
0.995399
0.995020
0.994587
0.994370
0.993991
0.993585
0.993315
0.992800
0.992313
0.991772
0.991230
0.990689
0.990040
0.989715
0.989282
0.988524
0.987928
0.987143
0.986548
0.985844
0.984789
0.983977
0.983192
0.982298
0.981243
0.980431
0.979808
0.978590
0.977508
0.976615
0.975315
0.973854
0.972338
0.970660
0.969144
0.967249
0.965382
0.963244
0.960645
0.957695
0.953879
0.950198
0.945894
0.941320
0.935067
0.926785
0.918936
0.909517
0.899367
0.885725
0.869404
0.846533
0.818438
0.769366
0.683728
0.010000
0.020000
0.030000
0.040000
0.050000
0.060000
0.070000
0.080000
0.090000
0.100000
0.110000
0.120000
0.130000
0.140000
0.150000
0.160000
0.170000
0.180000
0.190000
0.200000
0.210000
0.220000
0.230000
0.240000
0.250000
0.260000
0.270000
0.280000
0.290000
0.300000
0.310000
0.320000
0.330000
0.340000
0.350000
0.360000
0.370000
0.380000
0.390000
0.400000
0.410000
0.420000
0.430000
0.440000
0.450000
0.460000
0.470000
0.480000
0.490000
0.500000
0.510000
0.520000
0.530000
0.540000
0.550000
0.560000
0.570000
0.580000
0.590000
0.600000
0.610000
0.620000
0.630000
0.640000
0.650000
0.660000
0.670000
0.680000
0.690000
0.700000
0.710000
0.720000
0.730000
0.740000
0.750000
0.760000
0.770000
0.780000
0.790000
0.800000
0.810000
0.820000
0.830000
0.840000
0.850000
0.860000
0.870000
0.880000
0.890000
0.900000
0.910000
0.920000
0.930000
0.940000
0.950000
0.960000
0.970000
0.980000
0.990000
