#FP  TP  Thr
0.180105
0.170949
0.147315
0.139310
0.129147
0.124401
0.119128
0.115005
0.111361
0.106951
0.103260
0.100336
0.096692
0.094487
0.091611
0.089501
0.087632
0.085091
0.083269
0.081160
0.079434
0.077277
0.075551
0.073826
0.072339
0.070997
0.069223
0.067641
0.066395
0.065053
0.063231
0.061649
0.060211
0.058869
0.057383
0.055753
0.054458
0.053500
0.052541
0.050959
0.049473
0.048082
0.046884
0.045590
0.044631
0.043624
0.042330
0.041611
0.040796
0.039933
0.038878
0.037919
0.036433
0.035139
0.034180
0.033269
0.032263
0.031544
0.030585
0.030058
0.029338
0.027948
0.027133
0.026318
0.025312
0.024593
0.023969
0.023011
0.022052
0.021477
0.020853
0.020230
0.019367
0.018792
0.018121
0.017018
0.016299
0.015580
0.014813
0.013854
0.013135
0.012416
0.011505
0.010547
0.009348
0.008437
0.007478
0.006520
0.005705
0.004890
0.004027
0.003452
0.002397
0.001918
0.001486
0.001198
0.000863
0.000479
0.000240
0.999868
0.999868
0.999816
0.999816
0.999790
0.999790
0.999737
0.999711
0.999658
0.999658
0.999658
0.999632
0.999553
0.999500
0.999500
0.999395
0.999369
0.999316
0.999237
0.999211
0.999079
0.999000
0.998948
0.998948
0.998895
0.998816
0.998659
0.998580
0.998396
0.998369
0.998238
0.998159
0.998054
0.998001
0.997948
0.997764
0.997659
0.997501
0.997317
0.997159
0.997001
0.996765
0.996318
0.996055
0.995634
0.995239
0.995029
0.994739
0.994476
0.994240
0.993924
0.993398
0.993003
0.992583
0.992030
0.991662
0.991031
0.990478
0.989768
0.988953
0.988085
0.987296
0.986244
0.985376
0.984481
0.983561
0.982614
0.981457
0.980352
0.979247
0.978353
0.977117
0.975802
0.974539
0.973119
0.971593
0.970225
0.968989
0.967095
0.965017
0.963045
0.961072
0.959073
0.956364
0.953839
0.950420
0.946474
0.943134
0.938557
0.932350
0.925011
0.914858
0.904390
0.890450
0.876588
0.857598
0.833715
0.787659
0.715853
0.010000
0.020000
0.030000
0.040000
0.050000
0.060000
0.070000
0.080000
0.090000
0.100000
0.110000
0.120000
0.130000
0.140000
0.150000
0.160000
0.170000
0.180000
0.190000
0.200000
0.210000
0.220000
0.230000
0.240000
0.250000
0.260000
0.270000
0.280000
0.290000
0.300000
0.310000
0.320000
0.330000
0.340000
0.350000
0.360000
0.370000
0.380000
0.390000
0.400000
0.410000
0.420000
0.430000
0.440000
0.450000
0.460000
0.470000
0.480000
0.490000
0.500000
0.510000
0.520000
0.530000
0.540000
0.550000
0.560000
0.570000
0.580000
0.590000
0.600000
0.610000
0.620000
0.630000
0.640000
0.650000
0.660000
0.670000
0.680000
0.690000
0.700000
0.710000
0.720000
0.730000
0.740000
0.750000
0.760000
0.770000
0.780000
0.790000
0.800000
0.810000
0.820000
0.830000
0.840000
0.850000
0.860000
0.870000
0.880000
0.890000
0.900000
0.910000
0.920000
0.930000
0.940000
0.950000
0.960000
0.970000
0.980000
0.990000
