#FP  TP  Thr
0.187762
0.180690
0.154760
0.147544
0.137538
0.131765
0.125222
0.120364
0.116900
0.112763
0.108577
0.105162
0.101361
0.098764
0.095733
0.092510
0.089912
0.087459
0.084813
0.082455
0.079858
0.077837
0.075624
0.074037
0.072449
0.070813
0.069130
0.068023
0.066340
0.064560
0.063020
0.061433
0.060086
0.058691
0.057680
0.056478
0.055323
0.053784
0.052148
0.050801
0.049262
0.048155
0.047049
0.045798
0.044740
0.043922
0.042719
0.041131
0.039688
0.038630
0.037716
0.036802
0.035695
0.034300
0.032857
0.031751
0.030356
0.029490
0.028431
0.027325
0.026074
0.024871
0.024198
0.023813
0.022658
0.021937
0.021167
0.020397
0.019820
0.019098
0.018281
0.017607
0.016886
0.015923
0.015298
0.014817
0.013807
0.013085
0.012556
0.011738
0.011353
0.010632
0.009718
0.009092
0.008130
0.007264
0.006446
0.005484
0.004474
0.003656
0.003223
0.002742
0.002069
0.001539
0.000962
0.000385
0.000192
0.000144
0.000096
0.999923
0.999897
0.999820
0.999794
0.999743
0.999717
0.999691
0.999640
0.999563
0.999563
0.999511
0.999408
0.999408
0.999331
0.999254
0.999151
0.999048
0.998997
0.998920
0.998920
0.998817
0.998662
0.998560
0.998508
0.998431
0.998277
0.998045
0.997942
0.997711
0.997556
0.997479
0.997428
0.997274
0.997222
0.997016
0.996965
0.996939
0.996785
0.996630
0.996450
0.996219
0.996039
0.995756
0.995499
0.995319
0.995087
0.994856
0.994650
0.994393
0.994007
0.993673
0.993081
0.992644
0.992104
0.991615
0.990920
0.990252
0.989866
0.989120
0.988374
0.987628
0.986856
0.985982
0.985313
0.984258
0.983204
0.982021
0.981300
0.980092
0.979088
0.977957
0.977005
0.975719
0.974510
0.973147
0.971449
0.969752
0.968388
0.966588
0.964530
0.962781
0.961006
0.959103
0.956917
0.954216
0.951412
0.948608
0.945213
0.941201
0.936185
0.929986
0.920495
0.909589
0.897783
0.885977
0.869978
0.851433
0.817300
0.760147
0.010000
0.020000
0.030000
0.040000
0.050000
0.060000
0.070000
0.080000
0.090000
0.100000
0.110000
0.120000
0.130000
0.140000
0.150000
0.160000
0.170000
0.180000
0.190000
0.200000
0.210000
0.220000
0.230000
0.240000
0.250000
0.260000
0.270000
0.280000
0.290000
0.300000
0.310000
0.320000
0.330000
0.340000
0.350000
0.360000
0.370000
0.380000
0.390000
0.400000
0.410000
0.420000
0.430000
0.440000
0.450000
0.460000
0.470000
0.480000
0.490000
0.500000
0.510000
0.520000
0.530000
0.540000
0.550000
0.560000
0.570000
0.580000
0.590000
0.600000
0.610000
0.620000
0.630000
0.640000
0.650000
0.660000
0.670000
0.680000
0.690000
0.700000
0.710000
0.720000
0.730000
0.740000
0.750000
0.760000
0.770000
0.780000
0.790000
0.800000
0.810000
0.820000
0.830000
0.840000
0.850000
0.860000
0.870000
0.880000
0.890000
0.900000
0.910000
0.920000
0.930000
0.940000
0.950000
0.960000
0.970000
0.980000
0.990000
