#FP  TP  Thr
0.176659
0.169123
0.146325
0.140030
0.131635
0.126914
0.121143
0.117852
0.114036
0.110555
0.107407
0.104259
0.100539
0.097677
0.094816
0.092717
0.090285
0.088425
0.085611
0.083846
0.081509
0.079792
0.077407
0.075643
0.073640
0.071875
0.070158
0.068632
0.067105
0.065913
0.064196
0.062527
0.061478
0.059904
0.058234
0.056565
0.054705
0.053179
0.052034
0.050985
0.050222
0.048600
0.047694
0.046311
0.045357
0.043974
0.042734
0.041494
0.040301
0.039348
0.037869
0.036724
0.035961
0.034578
0.033004
0.031764
0.030906
0.030381
0.029523
0.028569
0.027853
0.026995
0.026232
0.025373
0.024419
0.023465
0.022989
0.021892
0.021224
0.020461
0.019650
0.019125
0.018267
0.017647
0.016788
0.016168
0.015405
0.014737
0.013879
0.012973
0.012162
0.011399
0.010827
0.009873
0.008680
0.008108
0.007345
0.006439
0.005056
0.004388
0.003720
0.003100
0.002480
0.001955
0.001526
0.000906
0.000668
0.000477
0.000334
0.999894
0.999841
0.999789
0.999762
0.999657
0.999630
0.999577
0.999551
0.999445
0.999366
0.999287
0.999207
0.999181
0.999181
0.999102
0.999049
0.998864
0.998758
0.998653
0.998547
0.998468
0.998441
0.998283
0.998124
0.997966
0.997913
0.997860
0.997807
0.997702
0.997596
0.997490
0.997438
0.997305
0.997173
0.997041
0.996883
0.996671
0.996460
0.996222
0.995905
0.995668
0.995403
0.995113
0.994796
0.994505
0.994188
0.993818
0.993501
0.993211
0.992841
0.992550
0.992048
0.991599
0.991177
0.990490
0.989988
0.989354
0.988561
0.988165
0.987769
0.987056
0.986448
0.985629
0.984810
0.984176
0.983172
0.982565
0.981666
0.980583
0.979500
0.978734
0.977572
0.976330
0.974481
0.973107
0.971311
0.969488
0.967797
0.966159
0.964469
0.962276
0.960031
0.957732
0.955038
0.952238
0.949675
0.946373
0.942199
0.937761
0.931447
0.924341
0.915174
0.905690
0.893248
0.879220
0.859566
0.833598
0.787447
0.717441
0.010000
0.020000
0.030000
0.040000
0.050000
0.060000
0.070000
0.080000
0.090000
0.100000
0.110000
0.120000
0.130000
0.140000
0.150000
0.160000
0.170000
0.180000
0.190000
0.200000
0.210000
0.220000
0.230000
0.240000
0.250000
0.260000
0.270000
0.280000
0.290000
0.300000
0.310000
0.320000
0.330000
0.340000
0.350000
0.360000
0.370000
0.380000
0.390000
0.400000
0.410000
0.420000
0.430000
0.440000
0.450000
0.460000
0.470000
0.480000
0.490000
0.500000
0.510000
0.520000
0.530000
0.540000
0.550000
0.560000
0.570000
0.580000
0.590000
0.600000
0.610000
0.620000
0.630000
0.640000
0.650000
0.660000
0.670000
0.680000
0.690000
0.700000
0.710000
0.720000
0.730000
0.740000
0.750000
0.760000
0.770000
0.780000
0.790000
0.800000
0.810000
0.820000
0.830000
0.840000
0.850000
0.860000
0.870000
0.880000
0.890000
0.900000
0.910000
0.920000
0.930000
0.940000
0.950000
0.960000
0.970000
0.980000
0.990000
