#FP  TP  Thr
0.182516
0.170207
0.147133
0.139071
0.129851
0.124204
0.118363
0.113825
0.109770
0.105860
0.103012
0.099778
0.095578
0.092054
0.088917
0.086310
0.083703
0.081966
0.079504
0.077766
0.076173
0.074435
0.072746
0.071153
0.069656
0.068353
0.066567
0.065167
0.063767
0.062367
0.061112
0.059857
0.058602
0.057250
0.055416
0.054016
0.052809
0.051361
0.050396
0.049527
0.048368
0.047210
0.046389
0.045424
0.044217
0.043396
0.042431
0.041176
0.039873
0.038714
0.037266
0.036204
0.035576
0.035045
0.034080
0.032825
0.031715
0.030846
0.030025
0.029108
0.028094
0.027274
0.026356
0.025536
0.024667
0.023750
0.022736
0.021722
0.020709
0.019936
0.019164
0.018536
0.017764
0.017088
0.016268
0.015688
0.015109
0.014337
0.013371
0.012599
0.011827
0.010958
0.009847
0.009172
0.008254
0.007193
0.006758
0.005986
0.005165
0.004634
0.003717
0.002848
0.002365
0.001545
0.000965
0.000724
0.000483
0.000241
0.000241
0.999872
0.999846
0.999718
0.999589
0.999461
0.999461
0.999384
0.999333
0.999282
0.999230
0.999205
0.999179
0.999179
0.999102
0.998999
0.998922
0.998845
0.998640
0.998537
0.998435
0.998358
0.998229
0.998178
0.998101
0.998076
0.997947
0.997768
0.997639
0.997511
0.997357
0.997100
0.996972
0.996844
0.996690
0.996510
0.996382
0.996254
0.996125
0.995843
0.995561
0.995279
0.995125
0.994919
0.994740
0.994355
0.994098
0.993893
0.993559
0.993406
0.993046
0.992764
0.992328
0.991969
0.991558
0.991250
0.990763
0.990326
0.989890
0.989300
0.988787
0.988171
0.987350
0.986657
0.985836
0.985066
0.983989
0.983039
0.981961
0.980730
0.979549
0.978318
0.977112
0.975701
0.974212
0.972673
0.971415
0.969927
0.968105
0.966104
0.963871
0.961767
0.959484
0.957559
0.955712
0.953454
0.950221
0.946500
0.943754
0.938931
0.933131
0.925434
0.916786
0.907498
0.896490
0.883583
0.865904
0.842785
0.801652
0.741276
0.010000
0.020000
0.030000
0.040000
0.050000
0.060000
0.070000
0.080000
0.090000
0.100000
0.110000
0.120000
0.130000
0.140000
0.150000
0.160000
0.170000
0.180000
0.190000
0.200000
0.210000
0.220000
0.230000
0.240000
0.250000
0.260000
0.270000
0.280000
0.290000
0.300000
0.310000
0.320000
0.330000
0.340000
0.350000
0.360000
0.370000
0.380000
0.390000
0.400000
0.410000
0.420000
0.430000
0.440000
0.450000
0.460000
0.470000
0.480000
0.490000
0.500000
0.510000
0.520000
0.530000
0.540000
0.550000
0.560000
0.570000
0.580000
0.590000
0.600000
0.610000
0.620000
0.630000
0.640000
0.650000
0.660000
0.670000
0.680000
0.690000
0.700000
0.710000
0.720000
0.730000
0.740000
0.750000
0.760000
0.770000
0.780000
0.790000
0.800000
0.810000
0.820000
0.830000
0.840000
0.850000
0.860000
0.870000
0.880000
0.890000
0.900000
0.910000
0.920000
0.930000
0.940000
0.950000
0.960000
0.970000
0.980000
0.990000
