#FP  TP  Thr
0.171098
0.162790
0.138150
0.131646
0.122009
0.117879
0.112609
0.109096
0.104728
0.101643
0.098842
0.095946
0.093477
0.091341
0.088635
0.086736
0.084599
0.082463
0.080564
0.078902
0.077003
0.075152
0.073205
0.071306
0.069645
0.067793
0.066749
0.064518
0.062619
0.061622
0.059770
0.058393
0.057159
0.055498
0.053978
0.052554
0.051462
0.050085
0.048851
0.047569
0.046525
0.045243
0.044294
0.043107
0.042347
0.041018
0.040116
0.038976
0.038359
0.037125
0.036081
0.035511
0.035179
0.034182
0.033659
0.032995
0.031998
0.031048
0.030431
0.029766
0.028485
0.027725
0.026965
0.026301
0.025494
0.024782
0.023975
0.023167
0.022076
0.021458
0.020509
0.019512
0.018373
0.017518
0.016711
0.015904
0.014907
0.014242
0.013625
0.012866
0.011536
0.010587
0.009875
0.009258
0.008308
0.007501
0.006694
0.006077
0.005270
0.004273
0.003656
0.003133
0.002516
0.002089
0.001852
0.001662
0.001329
0.000855
0.000665
0.999920
0.999839
0.999785
0.999705
0.999544
0.999437
0.999330
0.999196
0.999142
0.999061
0.998954
0.998927
0.998901
0.998847
0.998767
0.998686
0.998659
0.998579
0.998552
0.998472
0.998391
0.998284
0.998203
0.998177
0.998123
0.998096
0.998016
0.997935
0.997855
0.997748
0.997694
0.997479
0.997345
0.997238
0.997077
0.996755
0.996702
0.996621
0.996380
0.996219
0.995978
0.995736
0.995576
0.995227
0.994798
0.994476
0.994181
0.993886
0.993564
0.993243
0.992894
0.992438
0.992036
0.991634
0.991071
0.990695
0.990347
0.989891
0.989247
0.988657
0.988014
0.987343
0.986593
0.985869
0.985011
0.983992
0.983134
0.982115
0.981257
0.980184
0.979192
0.978146
0.977234
0.976135
0.974580
0.972864
0.971228
0.969753
0.968037
0.966240
0.964068
0.961655
0.959510
0.957150
0.954576
0.951573
0.948409
0.944494
0.939747
0.934116
0.923927
0.915426
0.904003
0.892527
0.879200
0.857802
0.831336
0.785617
0.712761
0.010000
0.020000
0.030000
0.040000
0.050000
0.060000
0.070000
0.080000
0.090000
0.100000
0.110000
0.120000
0.130000
0.140000
0.150000
0.160000
0.170000
0.180000
0.190000
0.200000
0.210000
0.220000
0.230000
0.240000
0.250000
0.260000
0.270000
0.280000
0.290000
0.300000
0.310000
0.320000
0.330000
0.340000
0.350000
0.360000
0.370000
0.380000
0.390000
0.400000
0.410000
0.420000
0.430000
0.440000
0.450000
0.460000
0.470000
0.480000
0.490000
0.500000
0.510000
0.520000
0.530000
0.540000
0.550000
0.560000
0.570000
0.580000
0.590000
0.600000
0.610000
0.620000
0.630000
0.640000
0.650000
0.660000
0.670000
0.680000
0.690000
0.700000
0.710000
0.720000
0.730000
0.740000
0.750000
0.760000
0.770000
0.780000
0.790000
0.800000
0.810000
0.820000
0.830000
0.840000
0.850000
0.860000
0.870000
0.880000
0.890000
0.900000
0.910000
0.920000
0.930000
0.940000
0.950000
0.960000
0.970000
0.980000
0.990000
