#FP  TP  Thr
0.179947
0.170880
0.146222
0.139026
0.129288
0.124922
0.119261
0.115231
0.111921
0.107988
0.104198
0.101319
0.098633
0.095850
0.093308
0.091005
0.088319
0.086352
0.084481
0.082466
0.080883
0.078916
0.077141
0.075174
0.073399
0.071528
0.070185
0.068698
0.067546
0.065771
0.064236
0.062989
0.061550
0.060302
0.058671
0.057376
0.056225
0.054737
0.053346
0.052243
0.051187
0.049988
0.048693
0.047637
0.046966
0.045670
0.044231
0.042888
0.041833
0.040729
0.039482
0.038187
0.036987
0.036124
0.035068
0.034205
0.033341
0.031998
0.031183
0.030175
0.029551
0.028352
0.027872
0.027249
0.026577
0.025762
0.024754
0.023651
0.022883
0.022260
0.021396
0.020485
0.019621
0.018757
0.017990
0.017270
0.016503
0.015687
0.014728
0.013672
0.012761
0.011945
0.010986
0.009978
0.008779
0.007820
0.006812
0.005853
0.005277
0.004414
0.003214
0.002686
0.002255
0.001775
0.001151
0.001055
0.000816
0.000576
0.000432
0.999974
0.999948
0.999870
0.999844
0.999765
0.999739
0.999583
0.999531
0.999427
0.999348
0.999322
0.999296
0.999244
0.999192
0.999166
0.999009
0.998905
0.998801
0.998723
0.998697
0.998566
0.998462
0.998332
0.998254
0.998123
0.997993
0.997941
0.997863
0.997732
0.997680
0.997419
0.997289
0.997185
0.997054
0.996872
0.996585
0.996377
0.996194
0.995855
0.995699
0.995569
0.995412
0.995308
0.995073
0.994839
0.994656
0.994448
0.993953
0.993509
0.993171
0.992832
0.992597
0.992102
0.991685
0.991137
0.990668
0.990095
0.989547
0.988974
0.988426
0.987488
0.986914
0.986159
0.985403
0.984542
0.983786
0.982822
0.981779
0.980841
0.979929
0.978964
0.977635
0.976410
0.975184
0.973933
0.972395
0.970701
0.969267
0.967677
0.966139
0.964002
0.962177
0.959570
0.956964
0.954279
0.951464
0.947997
0.943800
0.939421
0.933478
0.925631
0.917968
0.908349
0.896723
0.885072
0.868623
0.844929
0.804838
0.737925
0.010000
0.020000
0.030000
0.040000
0.050000
0.060000
0.070000
0.080000
0.090000
0.100000
0.110000
0.120000
0.130000
0.140000
0.150000
0.160000
0.170000
0.180000
0.190000
0.200000
0.210000
0.220000
0.230000
0.240000
0.250000
0.260000
0.270000
0.280000
0.290000
0.300000
0.310000
0.320000
0.330000
0.340000
0.350000
0.360000
0.370000
0.380000
0.390000
0.400000
0.410000
0.420000
0.430000
0.440000
0.450000
0.460000
0.470000
0.480000
0.490000
0.500000
0.510000
0.520000
0.530000
0.540000
0.550000
0.560000
0.570000
0.580000
0.590000
0.600000
0.610000
0.620000
0.630000
0.640000
0.650000
0.660000
0.670000
0.680000
0.690000
0.700000
0.710000
0.720000
0.730000
0.740000
0.750000
0.760000
0.770000
0.780000
0.790000
0.800000
0.810000
0.820000
0.830000
0.840000
0.850000
0.860000
0.870000
0.880000
0.890000
0.900000
0.910000
0.920000
0.930000
0.940000
0.950000
0.960000
0.970000
0.980000
0.990000
