#FP  TP  Thr
0.185510
0.175513
0.149664
0.141953
0.132051
0.126624
0.120817
0.116771
0.112391
0.109106
0.105774
0.103061
0.099633
0.097444
0.094968
0.092826
0.089827
0.087733
0.085638
0.083163
0.081211
0.078688
0.076451
0.074404
0.072452
0.070500
0.068834
0.066692
0.065169
0.063693
0.062122
0.060551
0.059123
0.056648
0.055077
0.053601
0.052649
0.051269
0.049603
0.048270
0.047460
0.046223
0.045080
0.044033
0.042843
0.041796
0.040320
0.039368
0.038511
0.037654
0.036654
0.035464
0.034655
0.033560
0.032513
0.031799
0.031228
0.030180
0.029276
0.028705
0.027895
0.027039
0.026420
0.025563
0.024754
0.024040
0.023421
0.022612
0.021707
0.020850
0.019708
0.018470
0.017899
0.017232
0.016661
0.016137
0.015043
0.014567
0.013757
0.012805
0.012234
0.011377
0.010520
0.009711
0.008997
0.007997
0.007426
0.006569
0.006046
0.005189
0.004713
0.003903
0.003427
0.002428
0.001952
0.001666
0.001285
0.000666
0.000428
0.999947
0.999920
0.999867
0.999814
0.999788
0.999761
0.999655
0.999602
0.999576
0.999576
0.999496
0.999311
0.999152
0.999072
0.999019
0.998993
0.998913
0.998781
0.998728
0.998728
0.998648
0.998595
0.998515
0.998462
0.998356
0.998250
0.998118
0.997985
0.997985
0.997879
0.997800
0.997667
0.997561
0.997429
0.997323
0.997216
0.997084
0.996872
0.996660
0.996421
0.996342
0.996077
0.995811
0.995546
0.995361
0.995043
0.994725
0.994486
0.994247
0.993797
0.993585
0.993160
0.992630
0.991968
0.991305
0.990934
0.990244
0.989688
0.989078
0.988415
0.987859
0.987196
0.986109
0.985446
0.984730
0.983803
0.983219
0.982398
0.981443
0.980436
0.979163
0.978209
0.976857
0.975505
0.973808
0.972350
0.971184
0.969752
0.968294
0.966306
0.964344
0.962197
0.960050
0.957558
0.954960
0.951779
0.948067
0.943852
0.939452
0.934441
0.928371
0.918854
0.906739
0.894041
0.881263
0.866815
0.847622
0.808467
0.750623
0.010000
0.020000
0.030000
0.040000
0.050000
0.060000
0.070000
0.080000
0.090000
0.100000
0.110000
0.120000
0.130000
0.140000
0.150000
0.160000
0.170000
0.180000
0.190000
0.200000
0.210000
0.220000
0.230000
0.240000
0.250000
0.260000
0.270000
0.280000
0.290000
0.300000
0.310000
0.320000
0.330000
0.340000
0.350000
0.360000
0.370000
0.380000
0.390000
0.400000
0.410000
0.420000
0.430000
0.440000
0.450000
0.460000
0.470000
0.480000
0.490000
0.500000
0.510000
0.520000
0.530000
0.540000
0.550000
0.560000
0.570000
0.580000
0.590000
0.600000
0.610000
0.620000
0.630000
0.640000
0.650000
0.660000
0.670000
0.680000
0.690000
0.700000
0.710000
0.720000
0.730000
0.740000
0.750000
0.760000
0.770000
0.780000
0.790000
0.800000
0.810000
0.820000
0.830000
0.840000
0.850000
0.860000
0.870000
0.880000
0.890000
0.900000
0.910000
0.920000
0.930000
0.940000
0.950000
0.960000
0.970000
0.980000
0.990000
