#FP  TP  Thr
0.171048
0.164369
0.139785
0.134622
0.126190
0.122116
0.116859
0.113258
0.109516
0.105443
0.102222
0.099522
0.096585
0.093885
0.091469
0.089337
0.087395
0.085122
0.082800
0.080574
0.078964
0.077021
0.075221
0.073421
0.071432
0.070058
0.068448
0.067027
0.065321
0.064185
0.062621
0.061058
0.059353
0.057885
0.056085
0.054569
0.052958
0.051869
0.050306
0.048695
0.047511
0.046374
0.044716
0.043721
0.042537
0.041448
0.040642
0.039695
0.038890
0.037421
0.036427
0.035432
0.034484
0.033537
0.032732
0.031690
0.030458
0.029700
0.028658
0.027948
0.027521
0.026858
0.025958
0.025153
0.024158
0.023447
0.022642
0.022074
0.021126
0.020274
0.019516
0.018663
0.017337
0.016247
0.015679
0.015158
0.014400
0.013737
0.012932
0.011842
0.011132
0.010421
0.009474
0.008479
0.007911
0.007390
0.006774
0.005968
0.005163
0.004595
0.003884
0.003458
0.002700
0.002179
0.001563
0.001279
0.000711
0.000568
0.000237
0.999919
0.999866
0.999785
0.999785
0.999704
0.999704
0.999624
0.999570
0.999463
0.999463
0.999463
0.999382
0.999382
0.999355
0.999328
0.999275
0.999248
0.999194
0.999140
0.999086
0.998925
0.998845
0.998764
0.998710
0.998603
0.998469
0.998442
0.998334
0.998280
0.998200
0.998012
0.997931
0.997824
0.997662
0.997421
0.997286
0.996964
0.996856
0.996749
0.996453
0.996292
0.996131
0.995943
0.995755
0.995217
0.994868
0.994438
0.994197
0.993928
0.993605
0.993256
0.992907
0.992531
0.991886
0.991510
0.991187
0.990677
0.990086
0.989521
0.988850
0.988044
0.987506
0.986915
0.986324
0.985384
0.984605
0.983664
0.982804
0.981810
0.980870
0.979661
0.978586
0.977511
0.976705
0.975281
0.974207
0.972944
0.971251
0.969774
0.968135
0.966415
0.964642
0.962573
0.960101
0.957253
0.954190
0.951020
0.946613
0.941643
0.934979
0.927322
0.917811
0.908568
0.897096
0.882130
0.860743
0.833445
0.787555
0.717671
0.010000
0.020000
0.030000
0.040000
0.050000
0.060000
0.070000
0.080000
0.090000
0.100000
0.110000
0.120000
0.130000
0.140000
0.150000
0.160000
0.170000
0.180000
0.190000
0.200000
0.210000
0.220000
0.230000
0.240000
0.250000
0.260000
0.270000
0.280000
0.290000
0.300000
0.310000
0.320000
0.330000
0.340000
0.350000
0.360000
0.370000
0.380000
0.390000
0.400000
0.410000
0.420000
0.430000
0.440000
0.450000
0.460000
0.470000
0.480000
0.490000
0.500000
0.510000
0.520000
0.530000
0.540000
0.550000
0.560000
0.570000
0.580000
0.590000
0.600000
0.610000
0.620000
0.630000
0.640000
0.650000
0.660000
0.670000
0.680000
0.690000
0.700000
0.710000
0.720000
0.730000
0.740000
0.750000
0.760000
0.770000
0.780000
0.790000
0.800000
0.810000
0.820000
0.830000
0.840000
0.850000
0.860000
0.870000
0.880000
0.890000
0.900000
0.910000
0.920000
0.930000
0.940000
0.950000
0.960000
0.970000
0.980000
0.990000
