#FP  TP  Thr
0.179386
0.171333
0.146453
0.138926
0.129770
0.124353
0.118744
0.115292
0.110930
0.107239
0.103404
0.100527
0.096788
0.093816
0.091131
0.089262
0.087200
0.085283
0.083078
0.081304
0.079386
0.077565
0.075983
0.074449
0.072244
0.070901
0.069128
0.067546
0.065916
0.064382
0.062464
0.060978
0.058965
0.057526
0.056088
0.054986
0.053643
0.052685
0.051294
0.050096
0.048562
0.047267
0.045829
0.044343
0.043193
0.042138
0.041275
0.040221
0.039166
0.038303
0.037488
0.036529
0.035762
0.034468
0.033221
0.032071
0.031448
0.030537
0.029482
0.028763
0.027517
0.026654
0.025647
0.024880
0.024209
0.023586
0.022723
0.022052
0.021237
0.020422
0.019655
0.018696
0.017737
0.016922
0.016347
0.015532
0.014813
0.013519
0.012800
0.012081
0.011218
0.010690
0.009732
0.009204
0.008102
0.007191
0.006711
0.006232
0.005609
0.004650
0.003739
0.003020
0.002589
0.002109
0.001534
0.001103
0.000767
0.000527
0.000336
0.999895
0.999842
0.999763
0.999763
0.999737
0.999737
0.999711
0.999684
0.999658
0.999658
0.999632
0.999605
0.999579
0.999527
0.999527
0.999500
0.999474
0.999421
0.999264
0.999211
0.999079
0.999079
0.999000
0.998922
0.998869
0.998764
0.998737
0.998659
0.998580
0.998501
0.998396
0.998264
0.998159
0.997896
0.997764
0.997606
0.997291
0.997107
0.996949
0.996844
0.996633
0.996186
0.995949
0.995792
0.995397
0.995266
0.995002
0.994661
0.994292
0.994108
0.993740
0.993109
0.992898
0.992372
0.991846
0.991294
0.990636
0.990005
0.989242
0.988558
0.987743
0.986770
0.985691
0.984929
0.984218
0.983193
0.982325
0.981194
0.980168
0.978905
0.977643
0.976696
0.975433
0.974092
0.972487
0.971278
0.969883
0.968095
0.966832
0.964807
0.962677
0.960520
0.957995
0.955680
0.952918
0.950367
0.947342
0.943555
0.939372
0.933770
0.926405
0.916147
0.905679
0.894474
0.881375
0.863174
0.839764
0.795997
0.723612
0.010000
0.020000
0.030000
0.040000
0.050000
0.060000
0.070000
0.080000
0.090000
0.100000
0.110000
0.120000
0.130000
0.140000
0.150000
0.160000
0.170000
0.180000
0.190000
0.200000
0.210000
0.220000
0.230000
0.240000
0.250000
0.260000
0.270000
0.280000
0.290000
0.300000
0.310000
0.320000
0.330000
0.340000
0.350000
0.360000
0.370000
0.380000
0.390000
0.400000
0.410000
0.420000
0.430000
0.440000
0.450000
0.460000
0.470000
0.480000
0.490000
0.500000
0.510000
0.520000
0.530000
0.540000
0.550000
0.560000
0.570000
0.580000
0.590000
0.600000
0.610000
0.620000
0.630000
0.640000
0.650000
0.660000
0.670000
0.680000
0.690000
0.700000
0.710000
0.720000
0.730000
0.740000
0.750000
0.760000
0.770000
0.780000
0.790000
0.800000
0.810000
0.820000
0.830000
0.840000
0.850000
0.860000
0.870000
0.880000
0.890000
0.900000
0.910000
0.920000
0.930000
0.940000
0.950000
0.960000
0.970000
0.980000
0.990000
