#FP  TP  Thr
0.182605
0.173270
0.150421
0.143760
0.134280
0.129029
0.123244
0.118090
0.113180
0.108707
0.104964
0.100977
0.097817
0.095727
0.092323
0.089941
0.087510
0.085323
0.082940
0.080655
0.079051
0.076815
0.074530
0.072974
0.071272
0.069717
0.067869
0.066265
0.064709
0.063202
0.061792
0.060577
0.059264
0.058049
0.057076
0.056152
0.054888
0.053333
0.052409
0.051096
0.049930
0.049103
0.047742
0.046235
0.045408
0.044339
0.042977
0.041762
0.040887
0.039671
0.038213
0.036463
0.034712
0.034032
0.033011
0.031941
0.030580
0.029559
0.028295
0.027420
0.026496
0.025864
0.024503
0.023044
0.022121
0.021391
0.020468
0.019836
0.018961
0.018426
0.017648
0.016870
0.016287
0.015655
0.014731
0.013953
0.013321
0.012397
0.011474
0.011133
0.010404
0.009480
0.008654
0.008070
0.007244
0.006709
0.005931
0.005396
0.004813
0.004278
0.003598
0.002771
0.002139
0.001750
0.001313
0.000972
0.000778
0.000292
0.000146
0.999950
0.999899
0.999849
0.999824
0.999799
0.999774
0.999723
0.999698
0.999623
0.999573
0.999371
0.999271
0.999220
0.999170
0.999070
0.999019
0.998994
0.998919
0.998793
0.998743
0.998542
0.998466
0.998416
0.998265
0.998189
0.998114
0.997988
0.997787
0.997636
0.997485
0.997284
0.997158
0.997108
0.997058
0.996957
0.996781
0.996681
0.996329
0.996178
0.996027
0.995725
0.995574
0.995398
0.995147
0.994795
0.994468
0.994166
0.993638
0.993110
0.992884
0.992481
0.991903
0.991500
0.991174
0.990595
0.989967
0.989388
0.988684
0.988206
0.987427
0.986848
0.985843
0.985214
0.984510
0.983856
0.982900
0.981945
0.980989
0.979707
0.978776
0.977544
0.976488
0.975105
0.973571
0.971786
0.970327
0.968844
0.967033
0.965222
0.963462
0.961400
0.959388
0.956924
0.954485
0.952121
0.949833
0.947343
0.943999
0.940026
0.936379
0.930872
0.922398
0.911057
0.899188
0.887545
0.874947
0.858098
0.826665
0.784394
0.010000
0.020000
0.030000
0.040000
0.050000
0.060000
0.070000
0.080000
0.090000
0.100000
0.110000
0.120000
0.130000
0.140000
0.150000
0.160000
0.170000
0.180000
0.190000
0.200000
0.210000
0.220000
0.230000
0.240000
0.250000
0.260000
0.270000
0.280000
0.290000
0.300000
0.310000
0.320000
0.330000
0.340000
0.350000
0.360000
0.370000
0.380000
0.390000
0.400000
0.410000
0.420000
0.430000
0.440000
0.450000
0.460000
0.470000
0.480000
0.490000
0.500000
0.510000
0.520000
0.530000
0.540000
0.550000
0.560000
0.570000
0.580000
0.590000
0.600000
0.610000
0.620000
0.630000
0.640000
0.650000
0.660000
0.670000
0.680000
0.690000
0.700000
0.710000
0.720000
0.730000
0.740000
0.750000
0.760000
0.770000
0.780000
0.790000
0.800000
0.810000
0.820000
0.830000
0.840000
0.850000
0.860000
0.870000
0.880000
0.890000
0.900000
0.910000
0.920000
0.930000
0.940000
0.950000
0.960000
0.970000
0.980000
0.990000
