#FP  TP  Thr
0.182833
0.173687
0.148077
0.142059
0.132287
0.127329
0.121311
0.116931
0.111346
0.107543
0.104126
0.101526
0.098012
0.094738
0.091946
0.089539
0.087421
0.085159
0.083185
0.081452
0.079141
0.077504
0.075386
0.073124
0.071102
0.069032
0.067443
0.065614
0.064218
0.061859
0.060704
0.059211
0.057912
0.056660
0.055071
0.053387
0.052087
0.050643
0.048958
0.047273
0.045973
0.044529
0.043085
0.041400
0.040196
0.039282
0.038030
0.036730
0.035527
0.034420
0.033312
0.032350
0.031579
0.030376
0.029750
0.028884
0.028162
0.027102
0.026284
0.025369
0.024599
0.024022
0.023348
0.022674
0.021759
0.020748
0.019737
0.018774
0.018197
0.017763
0.017234
0.016367
0.015886
0.015019
0.014346
0.013864
0.012950
0.012083
0.011361
0.010446
0.009772
0.009050
0.008184
0.007317
0.006547
0.006114
0.005536
0.004814
0.004188
0.003418
0.003081
0.002696
0.001926
0.001396
0.001155
0.000963
0.000626
0.000337
0.000241
0.999923
0.999897
0.999846
0.999743
0.999718
0.999718
0.999641
0.999615
0.999563
0.999486
0.999435
0.999435
0.999409
0.999409
0.999384
0.999358
0.999204
0.999178
0.998973
0.998870
0.998690
0.998588
0.998459
0.998305
0.998203
0.998100
0.998074
0.998049
0.997920
0.997740
0.997561
0.997458
0.997201
0.997073
0.996919
0.996713
0.996585
0.996405
0.996328
0.996097
0.995892
0.995712
0.995455
0.995301
0.995044
0.994736
0.994454
0.994043
0.993786
0.993221
0.992836
0.992400
0.992015
0.991424
0.990705
0.990320
0.989935
0.989319
0.988651
0.987932
0.987316
0.986597
0.985929
0.985313
0.984466
0.983567
0.982976
0.981847
0.980717
0.979793
0.978432
0.977148
0.975890
0.974632
0.973219
0.972115
0.970626
0.969265
0.967750
0.966030
0.964335
0.961896
0.959739
0.957248
0.954244
0.951112
0.947620
0.944564
0.940405
0.934730
0.927592
0.918554
0.907179
0.895650
0.884404
0.870154
0.851897
0.820187
0.775304
0.010000
0.020000
0.030000
0.040000
0.050000
0.060000
0.070000
0.080000
0.090000
0.100000
0.110000
0.120000
0.130000
0.140000
0.150000
0.160000
0.170000
0.180000
0.190000
0.200000
0.210000
0.220000
0.230000
0.240000
0.250000
0.260000
0.270000
0.280000
0.290000
0.300000
0.310000
0.320000
0.330000
0.340000
0.350000
0.360000
0.370000
0.380000
0.390000
0.400000
0.410000
0.420000
0.430000
0.440000
0.450000
0.460000
0.470000
0.480000
0.490000
0.500000
0.510000
0.520000
0.530000
0.540000
0.550000
0.560000
0.570000
0.580000
0.590000
0.600000
0.610000
0.620000
0.630000
0.640000
0.650000
0.660000
0.670000
0.680000
0.690000
0.700000
0.710000
0.720000
0.730000
0.740000
0.750000
0.760000
0.770000
0.780000
0.790000
0.800000
0.810000
0.820000
0.830000
0.840000
0.850000
0.860000
0.870000
0.880000
0.890000
0.900000
0.910000
0.920000
0.930000
0.940000
0.950000
0.960000
0.970000
0.980000
0.990000
