#FP  TP  Thr
0.184581
0.174131
0.148030
0.142252
0.130935
0.124723
0.118174
0.113936
0.109602
0.106231
0.102764
0.100164
0.096745
0.094096
0.091110
0.089040
0.086536
0.084128
0.082298
0.080275
0.078301
0.076616
0.074978
0.073100
0.071270
0.069826
0.068237
0.066455
0.065058
0.063758
0.061591
0.060098
0.058991
0.057113
0.055235
0.054127
0.053068
0.051671
0.050130
0.049119
0.047674
0.046374
0.045074
0.043822
0.042425
0.041366
0.039921
0.038958
0.037610
0.036598
0.035683
0.034624
0.033613
0.032938
0.031494
0.030531
0.029664
0.028749
0.027545
0.026967
0.025956
0.024993
0.023982
0.023452
0.022537
0.022200
0.021044
0.020225
0.019551
0.018781
0.017818
0.017047
0.016228
0.015169
0.014399
0.014061
0.013291
0.012713
0.011943
0.011220
0.010016
0.009294
0.008475
0.007898
0.007272
0.006501
0.005731
0.005201
0.004478
0.003901
0.003371
0.002745
0.002408
0.001685
0.001156
0.000963
0.000433
0.000337
0.000289
0.999923
0.999923
0.999845
0.999845
0.999691
0.999639
0.999613
0.999613
0.999562
0.999510
0.999433
0.999407
0.999330
0.999175
0.999124
0.999046
0.998943
0.998840
0.998763
0.998737
0.998634
0.998582
0.998402
0.998350
0.998273
0.998118
0.998118
0.997860
0.997732
0.997551
0.997448
0.997293
0.997216
0.996984
0.996958
0.996881
0.996804
0.996597
0.996417
0.996237
0.996030
0.995798
0.995463
0.995257
0.994948
0.994716
0.994277
0.994071
0.993685
0.993349
0.993092
0.992705
0.992241
0.991751
0.991339
0.990772
0.990256
0.989689
0.988916
0.988168
0.987498
0.986699
0.985951
0.984920
0.984070
0.983064
0.981982
0.980848
0.979636
0.978708
0.977703
0.976801
0.975718
0.974197
0.972625
0.971336
0.969918
0.968294
0.966361
0.964556
0.962726
0.960922
0.958860
0.956282
0.953833
0.951049
0.947853
0.944373
0.940609
0.935325
0.930170
0.922050
0.913621
0.901944
0.889416
0.873846
0.855802
0.822318
0.771485
0.010000
0.020000
0.030000
0.040000
0.050000
0.060000
0.070000
0.080000
0.090000
0.100000
0.110000
0.120000
0.130000
0.140000
0.150000
0.160000
0.170000
0.180000
0.190000
0.200000
0.210000
0.220000
0.230000
0.240000
0.250000
0.260000
0.270000
0.280000
0.290000
0.300000
0.310000
0.320000
0.330000
0.340000
0.350000
0.360000
0.370000
0.380000
0.390000
0.400000
0.410000
0.420000
0.430000
0.440000
0.450000
0.460000
0.470000
0.480000
0.490000
0.500000
0.510000
0.520000
0.530000
0.540000
0.550000
0.560000
0.570000
0.580000
0.590000
0.600000
0.610000
0.620000
0.630000
0.640000
0.650000
0.660000
0.670000
0.680000
0.690000
0.700000
0.710000
0.720000
0.730000
0.740000
0.750000
0.760000
0.770000
0.780000
0.790000
0.800000
0.810000
0.820000
0.830000
0.840000
0.850000
0.860000
0.870000
0.880000
0.890000
0.900000
0.910000
0.920000
0.930000
0.940000
0.950000
0.960000
0.970000
0.980000
0.990000
