#FP  TP  Thr
0.180979
0.174242
0.149880
0.143436
0.134111
0.128985
0.121857
0.117951
0.112825
0.108675
0.104867
0.101694
0.099204
0.095884
0.093053
0.089879
0.087145
0.084704
0.083044
0.080945
0.078699
0.076063
0.074550
0.072402
0.069960
0.067910
0.065762
0.064346
0.062100
0.060245
0.058634
0.056925
0.055412
0.053996
0.052727
0.051311
0.050481
0.049504
0.048284
0.046380
0.045208
0.044281
0.043207
0.041888
0.040375
0.039594
0.038373
0.037153
0.036128
0.035249
0.034077
0.033296
0.032027
0.030757
0.029927
0.028902
0.027633
0.026754
0.025973
0.025045
0.024362
0.023727
0.023141
0.022458
0.021725
0.020993
0.020261
0.019675
0.018650
0.017917
0.017234
0.016697
0.015964
0.015183
0.014402
0.013768
0.013084
0.012205
0.011375
0.010497
0.009911
0.009276
0.008348
0.007909
0.007567
0.006933
0.006298
0.005419
0.004784
0.004345
0.003710
0.003125
0.002685
0.001904
0.001465
0.001172
0.000879
0.000635
0.000195
0.999950
0.999925
0.999850
0.999750
0.999649
0.999599
0.999599
0.999599
0.999549
0.999549
0.999474
0.999399
0.999349
0.999199
0.999148
0.999048
0.998998
0.998873
0.998723
0.998698
0.998623
0.998598
0.998598
0.998447
0.998397
0.998272
0.998097
0.997996
0.997946
0.997771
0.997596
0.997521
0.997295
0.997220
0.997070
0.996769
0.996569
0.996344
0.996168
0.995968
0.995542
0.995317
0.995116
0.994791
0.994565
0.994290
0.994039
0.993714
0.993313
0.993038
0.992687
0.992286
0.991760
0.991234
0.990834
0.990308
0.989707
0.988930
0.988054
0.987453
0.986651
0.986251
0.985399
0.984573
0.983746
0.982920
0.982168
0.981417
0.980465
0.979338
0.978337
0.977460
0.975957
0.974805
0.973603
0.972226
0.970623
0.968795
0.967242
0.965263
0.963210
0.961231
0.958927
0.955997
0.952891
0.949861
0.946755
0.943124
0.938741
0.933632
0.928523
0.921135
0.912495
0.903053
0.892033
0.878434
0.862706
0.834857
0.794861
0.010000
0.020000
0.030000
0.040000
0.050000
0.060000
0.070000
0.080000
0.090000
0.100000
0.110000
0.120000
0.130000
0.140000
0.150000
0.160000
0.170000
0.180000
0.190000
0.200000
0.210000
0.220000
0.230000
0.240000
0.250000
0.260000
0.270000
0.280000
0.290000
0.300000
0.310000
0.320000
0.330000
0.340000
0.350000
0.360000
0.370000
0.380000
0.390000
0.400000
0.410000
0.420000
0.430000
0.440000
0.450000
0.460000
0.470000
0.480000
0.490000
0.500000
0.510000
0.520000
0.530000
0.540000
0.550000
0.560000
0.570000
0.580000
0.590000
0.600000
0.610000
0.620000
0.630000
0.640000
0.650000
0.660000
0.670000
0.680000
0.690000
0.700000
0.710000
0.720000
0.730000
0.740000
0.750000
0.760000
0.770000
0.780000
0.790000
0.800000
0.810000
0.820000
0.830000
0.840000
0.850000
0.860000
0.870000
0.880000
0.890000
0.900000
0.910000
0.920000
0.930000
0.940000
0.950000
0.960000
0.970000
0.980000
0.990000
