#FP  TP  Thr
0.180784
0.172973
0.147000
0.140800
0.132207
0.127472
0.121369
0.117414
0.113753
0.109798
0.105893
0.103159
0.099985
0.096714
0.093492
0.091295
0.088464
0.086023
0.083826
0.081775
0.079578
0.077039
0.074940
0.073134
0.070986
0.068838
0.067129
0.065664
0.063663
0.061856
0.060245
0.058439
0.056828
0.055656
0.054289
0.052483
0.051067
0.049895
0.048772
0.047796
0.046233
0.045159
0.044134
0.043109
0.042377
0.040814
0.039936
0.038520
0.037690
0.036518
0.035493
0.034761
0.033735
0.032661
0.031685
0.030464
0.029341
0.028658
0.027584
0.026705
0.025826
0.025045
0.024166
0.023336
0.022555
0.022067
0.021335
0.020358
0.019772
0.019235
0.018601
0.017722
0.016892
0.016111
0.014939
0.014012
0.013230
0.012645
0.011863
0.011326
0.010643
0.009862
0.008983
0.007860
0.007567
0.006981
0.006249
0.005419
0.004882
0.004394
0.004003
0.003417
0.002588
0.002197
0.001806
0.001416
0.000976
0.000488
0.000244
0.999975
0.999950
0.999925
0.999850
0.999750
0.999699
0.999599
0.999574
0.999499
0.999424
0.999399
0.999374
0.999374
0.999324
0.999299
0.999249
0.999098
0.999073
0.998923
0.998823
0.998773
0.998623
0.998472
0.998422
0.998372
0.998272
0.998247
0.998222
0.997946
0.997746
0.997621
0.997471
0.997395
0.997295
0.997170
0.996945
0.996719
0.996519
0.996369
0.996093
0.995843
0.995617
0.995367
0.995041
0.994816
0.994515
0.994064
0.993764
0.993589
0.993213
0.992762
0.992236
0.991911
0.991535
0.990959
0.990358
0.989632
0.988980
0.988254
0.987353
0.986601
0.985825
0.985174
0.984472
0.983796
0.983070
0.982143
0.980941
0.980190
0.979113
0.977761
0.976308
0.975381
0.973904
0.972526
0.970999
0.969471
0.967592
0.965839
0.963786
0.961832
0.959703
0.957775
0.955195
0.952340
0.949335
0.946280
0.942773
0.939067
0.934960
0.930401
0.924241
0.915625
0.902627
0.889629
0.875830
0.860277
0.829372
0.787072
0.010000
0.020000
0.030000
0.040000
0.050000
0.060000
0.070000
0.080000
0.090000
0.100000
0.110000
0.120000
0.130000
0.140000
0.150000
0.160000
0.170000
0.180000
0.190000
0.200000
0.210000
0.220000
0.230000
0.240000
0.250000
0.260000
0.270000
0.280000
0.290000
0.300000
0.310000
0.320000
0.330000
0.340000
0.350000
0.360000
0.370000
0.380000
0.390000
0.400000
0.410000
0.420000
0.430000
0.440000
0.450000
0.460000
0.470000
0.480000
0.490000
0.500000
0.510000
0.520000
0.530000
0.540000
0.550000
0.560000
0.570000
0.580000
0.590000
0.600000
0.610000
0.620000
0.630000
0.640000
0.650000
0.660000
0.670000
0.680000
0.690000
0.700000
0.710000
0.720000
0.730000
0.740000
0.750000
0.760000
0.770000
0.780000
0.790000
0.800000
0.810000
0.820000
0.830000
0.840000
0.850000
0.860000
0.870000
0.880000
0.890000
0.900000
0.910000
0.920000
0.930000
0.940000
0.950000
0.960000
0.970000
0.980000
0.990000
