#FP  TP  Thr
0.174629
0.166445
0.146729
0.141627
0.134612
0.129936
0.125259
0.122070
0.117978
0.113514
0.109529
0.105490
0.102089
0.098741
0.095977
0.093426
0.091407
0.089494
0.086996
0.084657
0.082638
0.080140
0.078493
0.076367
0.074241
0.071903
0.070256
0.068768
0.067280
0.064941
0.063081
0.061062
0.059468
0.057979
0.056013
0.054525
0.052718
0.051868
0.050593
0.049264
0.047723
0.046873
0.045384
0.043684
0.042674
0.041399
0.040602
0.039486
0.037785
0.036084
0.034490
0.033640
0.032205
0.030929
0.029601
0.029016
0.028379
0.027263
0.026253
0.025190
0.024233
0.023117
0.022055
0.021311
0.020620
0.020088
0.019078
0.018494
0.017590
0.016687
0.015730
0.015358
0.014349
0.013764
0.013339
0.012808
0.012489
0.011851
0.011266
0.010682
0.009619
0.009141
0.008662
0.008131
0.007653
0.007174
0.006802
0.006218
0.005633
0.005208
0.004570
0.003933
0.003401
0.002604
0.002285
0.001807
0.000957
0.000425
0.000159
0.999929
0.999905
0.999905
0.999882
0.999858
0.999834
0.999763
0.999716
0.999692
0.999692
0.999621
0.999597
0.999479
0.999408
0.999408
0.999408
0.999384
0.999289
0.999265
0.999171
0.999100
0.998957
0.998910
0.998792
0.998744
0.998673
0.998531
0.998389
0.998223
0.998033
0.997844
0.997702
0.997536
0.997417
0.997252
0.997157
0.997038
0.996754
0.996612
0.996375
0.996114
0.995972
0.995664
0.995498
0.995190
0.994882
0.994621
0.994313
0.994029
0.993626
0.993152
0.992608
0.992276
0.991778
0.991328
0.991020
0.990380
0.989883
0.989409
0.988698
0.988035
0.987419
0.986566
0.985807
0.985097
0.984315
0.983509
0.982727
0.981850
0.981021
0.980050
0.979220
0.978036
0.977088
0.975927
0.974529
0.972942
0.971401
0.969909
0.968084
0.966307
0.964649
0.962540
0.960408
0.958038
0.955195
0.952257
0.949200
0.945243
0.941002
0.936761
0.931383
0.925222
0.918019
0.909726
0.897500
0.883426
0.860585
0.834948
0.010000
0.020000
0.030000
0.040000
0.050000
0.060000
0.070000
0.080000
0.090000
0.100000
0.110000
0.120000
0.130000
0.140000
0.150000
0.160000
0.170000
0.180000
0.190000
0.200000
0.210000
0.220000
0.230000
0.240000
0.250000
0.260000
0.270000
0.280000
0.290000
0.300000
0.310000
0.320000
0.330000
0.340000
0.350000
0.360000
0.370000
0.380000
0.390000
0.400000
0.410000
0.420000
0.430000
0.440000
0.450000
0.460000
0.470000
0.480000
0.490000
0.500000
0.510000
0.520000
0.530000
0.540000
0.550000
0.560000
0.570000
0.580000
0.590000
0.600000
0.610000
0.620000
0.630000
0.640000
0.650000
0.660000
0.670000
0.680000
0.690000
0.700000
0.710000
0.720000
0.730000
0.740000
0.750000
0.760000
0.770000
0.780000
0.790000
0.800000
0.810000
0.820000
0.830000
0.840000
0.850000
0.860000
0.870000
0.880000
0.890000
0.900000
0.910000
0.920000
0.930000
0.940000
0.950000
0.960000
0.970000
0.980000
0.990000
