#FP  TP  Thr
0.185476
0.177177
0.150591
0.143450
0.132545
0.127431
0.121592
0.117443
0.113486
0.109867
0.106200
0.103595
0.100458
0.097515
0.095103
0.092207
0.089457
0.087093
0.084536
0.081882
0.079710
0.078215
0.076381
0.074741
0.072666
0.071218
0.069144
0.067648
0.066731
0.065428
0.064029
0.062581
0.061423
0.060217
0.058480
0.057274
0.056357
0.054668
0.053703
0.051966
0.050326
0.049071
0.047768
0.046369
0.045308
0.043908
0.042847
0.041785
0.040869
0.039421
0.038022
0.036719
0.035850
0.034837
0.033727
0.032714
0.031990
0.031122
0.029916
0.028999
0.028227
0.027551
0.026924
0.026297
0.025573
0.024560
0.023209
0.022195
0.021713
0.020700
0.019928
0.019252
0.018335
0.017805
0.017033
0.015826
0.015054
0.014138
0.013414
0.012593
0.011532
0.010567
0.009409
0.008347
0.007238
0.006610
0.005935
0.005211
0.004487
0.003860
0.003233
0.002461
0.001882
0.001399
0.000965
0.000676
0.000483
0.000338
0.000193
0.999770
0.999770
0.999693
0.999642
0.999565
0.999513
0.999513
0.999462
0.999437
0.999360
0.999360
0.999283
0.999232
0.999181
0.999181
0.999053
0.999001
0.998873
0.998822
0.998771
0.998720
0.998643
0.998592
0.998489
0.998412
0.998336
0.998156
0.998054
0.997926
0.997772
0.997439
0.997234
0.997106
0.997030
0.996850
0.996389
0.996338
0.996236
0.996108
0.995980
0.995775
0.995596
0.995391
0.995109
0.994981
0.994571
0.994392
0.994110
0.993778
0.993368
0.992881
0.992369
0.991755
0.991422
0.991089
0.990397
0.989885
0.989271
0.988605
0.987914
0.987171
0.986377
0.985686
0.984918
0.984098
0.983227
0.982485
0.981358
0.980334
0.979310
0.977978
0.976903
0.975673
0.974214
0.972882
0.971064
0.969425
0.968017
0.966711
0.964688
0.963049
0.960770
0.958363
0.955367
0.952755
0.949503
0.946456
0.942410
0.938364
0.932756
0.927379
0.918929
0.908404
0.896599
0.884103
0.868278
0.847229
0.812045
0.758399
0.010000
0.020000
0.030000
0.040000
0.050000
0.060000
0.070000
0.080000
0.090000
0.100000
0.110000
0.120000
0.130000
0.140000
0.150000
0.160000
0.170000
0.180000
0.190000
0.200000
0.210000
0.220000
0.230000
0.240000
0.250000
0.260000
0.270000
0.280000
0.290000
0.300000
0.310000
0.320000
0.330000
0.340000
0.350000
0.360000
0.370000
0.380000
0.390000
0.400000
0.410000
0.420000
0.430000
0.440000
0.450000
0.460000
0.470000
0.480000
0.490000
0.500000
0.510000
0.520000
0.530000
0.540000
0.550000
0.560000
0.570000
0.580000
0.590000
0.600000
0.610000
0.620000
0.630000
0.640000
0.650000
0.660000
0.670000
0.680000
0.690000
0.700000
0.710000
0.720000
0.730000
0.740000
0.750000
0.760000
0.770000
0.780000
0.790000
0.800000
0.810000
0.820000
0.830000
0.840000
0.850000
0.860000
0.870000
0.880000
0.890000
0.900000
0.910000
0.920000
0.930000
0.940000
0.950000
0.960000
0.970000
0.980000
0.990000
