#FP  TP  Thr
0.176100
0.167378
0.143771
0.137325
0.128366
0.123768
0.118032
0.114192
0.109547
0.106418
0.103479
0.100825
0.097601
0.095279
0.092435
0.089827
0.087789
0.085893
0.083570
0.080963
0.079304
0.077408
0.075891
0.074279
0.072715
0.071009
0.069397
0.067928
0.066411
0.064846
0.063045
0.061765
0.060770
0.059490
0.058257
0.056693
0.055129
0.053565
0.052000
0.050673
0.049298
0.048113
0.046881
0.045696
0.044653
0.043468
0.042757
0.042141
0.040671
0.039297
0.038301
0.037400
0.036689
0.035599
0.034841
0.033940
0.032945
0.031854
0.030859
0.030148
0.029152
0.028347
0.027493
0.026688
0.025976
0.025597
0.024981
0.024033
0.023417
0.022279
0.021426
0.020715
0.020146
0.019245
0.018250
0.017112
0.015975
0.014932
0.013889
0.013036
0.012372
0.010997
0.010239
0.009480
0.008532
0.007679
0.007253
0.006636
0.005593
0.004835
0.004077
0.003129
0.002655
0.002228
0.001896
0.001375
0.001090
0.000758
0.000379
0.999866
0.999839
0.999839
0.999839
0.999758
0.999677
0.999650
0.999597
0.999570
0.999570
0.999543
0.999516
0.999489
0.999489
0.999462
0.999435
0.999408
0.999381
0.999328
0.999220
0.999139
0.999032
0.999005
0.998870
0.998817
0.998817
0.998736
0.998548
0.998467
0.998413
0.998252
0.998144
0.998037
0.997983
0.997875
0.997741
0.997580
0.997337
0.997203
0.996961
0.996827
0.996504
0.996208
0.995912
0.995455
0.995240
0.994863
0.994487
0.994137
0.993787
0.993276
0.992873
0.992389
0.991932
0.991286
0.990856
0.990291
0.989538
0.988947
0.988328
0.987602
0.986983
0.986419
0.985719
0.984993
0.984213
0.983433
0.982411
0.981416
0.980475
0.979722
0.978539
0.977382
0.976199
0.975123
0.973240
0.971492
0.969610
0.968104
0.965845
0.963263
0.961300
0.959282
0.956485
0.953823
0.950703
0.946669
0.941613
0.934755
0.927709
0.920205
0.910846
0.901111
0.889923
0.876072
0.857973
0.829949
0.779469
0.706048
0.010000
0.020000
0.030000
0.040000
0.050000
0.060000
0.070000
0.080000
0.090000
0.100000
0.110000
0.120000
0.130000
0.140000
0.150000
0.160000
0.170000
0.180000
0.190000
0.200000
0.210000
0.220000
0.230000
0.240000
0.250000
0.260000
0.270000
0.280000
0.290000
0.300000
0.310000
0.320000
0.330000
0.340000
0.350000
0.360000
0.370000
0.380000
0.390000
0.400000
0.410000
0.420000
0.430000
0.440000
0.450000
0.460000
0.470000
0.480000
0.490000
0.500000
0.510000
0.520000
0.530000
0.540000
0.550000
0.560000
0.570000
0.580000
0.590000
0.600000
0.610000
0.620000
0.630000
0.640000
0.650000
0.660000
0.670000
0.680000
0.690000
0.700000
0.710000
0.720000
0.730000
0.740000
0.750000
0.760000
0.770000
0.780000
0.790000
0.800000
0.810000
0.820000
0.830000
0.840000
0.850000
0.860000
0.870000
0.880000
0.890000
0.900000
0.910000
0.920000
0.930000
0.940000
0.950000
0.960000
0.970000
0.980000
0.990000
