#FP  TP  Thr
0.173814
0.167205
0.141010
0.135125
0.125332
0.120363
0.114043
0.110618
0.106276
0.102369
0.098944
0.095856
0.093299
0.090984
0.088282
0.085774
0.083361
0.081432
0.079647
0.078103
0.076366
0.074630
0.072797
0.071301
0.069806
0.067828
0.066139
0.064740
0.063100
0.061749
0.060350
0.058999
0.057456
0.055912
0.054417
0.053114
0.052149
0.051040
0.049930
0.048869
0.047807
0.046505
0.045395
0.044334
0.042887
0.041536
0.040089
0.038593
0.037146
0.035747
0.034348
0.032997
0.031936
0.030875
0.030103
0.028752
0.027835
0.026678
0.025327
0.024796
0.023831
0.022818
0.022239
0.021612
0.020840
0.020310
0.019731
0.019055
0.018477
0.017560
0.017029
0.016161
0.015486
0.015003
0.014087
0.013266
0.012495
0.012060
0.011433
0.010758
0.009938
0.009021
0.008491
0.008105
0.007477
0.007043
0.006175
0.005693
0.004776
0.003859
0.003232
0.002702
0.002123
0.001592
0.001061
0.000868
0.000482
0.000241
0.000145
0.999870
0.999845
0.999793
0.999767
0.999767
0.999689
0.999663
0.999586
0.999560
0.999482
0.999404
0.999327
0.999197
0.999119
0.999068
0.998964
0.998912
0.998834
0.998783
0.998731
0.998601
0.998498
0.998472
0.998368
0.998316
0.998239
0.998109
0.998083
0.998057
0.998006
0.997876
0.997798
0.997747
0.997591
0.997410
0.997177
0.996892
0.996711
0.996477
0.996218
0.996037
0.995856
0.995597
0.995234
0.995131
0.994949
0.994664
0.994379
0.993861
0.993136
0.992877
0.992489
0.992100
0.991789
0.991168
0.990650
0.990313
0.989639
0.989147
0.988603
0.987982
0.986894
0.986143
0.985443
0.984563
0.983579
0.982827
0.981895
0.980781
0.979486
0.978295
0.977051
0.975575
0.974099
0.972648
0.970939
0.969385
0.967416
0.965784
0.963479
0.961821
0.959697
0.957574
0.955113
0.952057
0.949337
0.946540
0.942680
0.939054
0.933900
0.927450
0.917841
0.907895
0.896420
0.883055
0.866608
0.847907
0.813666
0.758392
0.010000
0.020000
0.030000
0.040000
0.050000
0.060000
0.070000
0.080000
0.090000
0.100000
0.110000
0.120000
0.130000
0.140000
0.150000
0.160000
0.170000
0.180000
0.190000
0.200000
0.210000
0.220000
0.230000
0.240000
0.250000
0.260000
0.270000
0.280000
0.290000
0.300000
0.310000
0.320000
0.330000
0.340000
0.350000
0.360000
0.370000
0.380000
0.390000
0.400000
0.410000
0.420000
0.430000
0.440000
0.450000
0.460000
0.470000
0.480000
0.490000
0.500000
0.510000
0.520000
0.530000
0.540000
0.550000
0.560000
0.570000
0.580000
0.590000
0.600000
0.610000
0.620000
0.630000
0.640000
0.650000
0.660000
0.670000
0.680000
0.690000
0.700000
0.710000
0.720000
0.730000
0.740000
0.750000
0.760000
0.770000
0.780000
0.790000
0.800000
0.810000
0.820000
0.830000
0.840000
0.850000
0.860000
0.870000
0.880000
0.890000
0.900000
0.910000
0.920000
0.930000
0.940000
0.950000
0.960000
0.970000
0.980000
0.990000
