#FP  TP  Thr
0.188351
0.180001
0.158140
0.150347
0.141794
0.135621
0.129902
0.125449
0.120439
0.116340
0.112089
0.108800
0.104752
0.101058
0.098578
0.095187
0.093062
0.090582
0.088305
0.086382
0.084307
0.082182
0.079804
0.078134
0.075755
0.073934
0.071150
0.069227
0.067810
0.066090
0.064673
0.062851
0.061434
0.059612
0.058094
0.056728
0.055513
0.054299
0.052882
0.051718
0.050149
0.048935
0.047821
0.046152
0.044684
0.043621
0.042255
0.040889
0.039624
0.038207
0.037093
0.035929
0.034867
0.033855
0.032994
0.032185
0.031021
0.029654
0.028592
0.027833
0.026922
0.026314
0.025454
0.024493
0.023936
0.023278
0.023076
0.022671
0.022064
0.021102
0.020039
0.019230
0.018521
0.017459
0.016649
0.015890
0.014726
0.013764
0.012854
0.012297
0.011588
0.011032
0.010070
0.009159
0.008704
0.008097
0.007287
0.006427
0.005465
0.004858
0.004099
0.003087
0.002530
0.001872
0.001417
0.001164
0.000607
0.000304
0.000152
0.999952
0.999927
0.999903
0.999879
0.999830
0.999806
0.999782
0.999758
0.999661
0.999612
0.999612
0.999515
0.999418
0.999321
0.999321
0.999273
0.999176
0.999055
0.998934
0.998909
0.998861
0.998667
0.998546
0.998497
0.998400
0.998328
0.998279
0.998110
0.997964
0.997891
0.997867
0.997795
0.997673
0.997649
0.997504
0.997383
0.997189
0.997019
0.996728
0.996534
0.996292
0.995953
0.995783
0.995516
0.995250
0.994741
0.994401
0.994086
0.993602
0.993359
0.992947
0.992463
0.991905
0.991687
0.991105
0.990621
0.990087
0.989457
0.988658
0.988076
0.987397
0.986791
0.986016
0.985095
0.984101
0.983229
0.982308
0.981508
0.980393
0.979181
0.978188
0.977194
0.975861
0.974625
0.973195
0.971765
0.970214
0.968590
0.967160
0.965488
0.963501
0.961319
0.959041
0.956472
0.953879
0.951019
0.947578
0.944378
0.940476
0.936356
0.932091
0.926105
0.919367
0.910278
0.896852
0.883352
0.867260
0.838225
0.801411
0.010000
0.020000
0.030000
0.040000
0.050000
0.060000
0.070000
0.080000
0.090000
0.100000
0.110000
0.120000
0.130000
0.140000
0.150000
0.160000
0.170000
0.180000
0.190000
0.200000
0.210000
0.220000
0.230000
0.240000
0.250000
0.260000
0.270000
0.280000
0.290000
0.300000
0.310000
0.320000
0.330000
0.340000
0.350000
0.360000
0.370000
0.380000
0.390000
0.400000
0.410000
0.420000
0.430000
0.440000
0.450000
0.460000
0.470000
0.480000
0.490000
0.500000
0.510000
0.520000
0.530000
0.540000
0.550000
0.560000
0.570000
0.580000
0.590000
0.600000
0.610000
0.620000
0.630000
0.640000
0.650000
0.660000
0.670000
0.680000
0.690000
0.700000
0.710000
0.720000
0.730000
0.740000
0.750000
0.760000
0.770000
0.780000
0.790000
0.800000
0.810000
0.820000
0.830000
0.840000
0.850000
0.860000
0.870000
0.880000
0.890000
0.900000
0.910000
0.920000
0.930000
0.940000
0.950000
0.960000
0.970000
0.980000
0.990000
