#FP  TP  Thr
0.076398
0.043575
0.027582
0.022153
0.017497
0.015305
0.013634
0.012569
0.011546
0.010711
0.010127
0.009479
0.008957
0.008519
0.008247
0.007913
0.007621
0.007370
0.006974
0.006661
0.006285
0.006034
0.005742
0.005533
0.005262
0.005095
0.004907
0.004823
0.004698
0.004531
0.004343
0.004155
0.004051
0.003884
0.003779
0.003612
0.003466
0.003382
0.003278
0.003236
0.003174
0.003132
0.003007
0.002944
0.002923
0.002819
0.002714
0.002673
0.002589
0.002526
0.002485
0.002380
0.002380
0.002318
0.002255
0.002192
0.002067
0.001942
0.001900
0.001837
0.001754
0.001691
0.001587
0.001524
0.001482
0.001420
0.001315
0.001169
0.001086
0.001086
0.000981
0.000981
0.000919
0.000877
0.000835
0.000731
0.000710
0.000668
0.000668
0.000626
0.000606
0.000522
0.000522
0.000522
0.000459
0.000397
0.000376
0.000334
0.000292
0.000292
0.000230
0.000209
0.000125
0.000063
0.000042
0.000021
0.000000
0.000000
0.000000
0.999608
0.999509
0.999509
0.999411
0.999019
0.998921
0.998823
0.998627
0.998430
0.997940
0.997744
0.997744
0.997449
0.997253
0.996762
0.996468
0.996272
0.996174
0.995978
0.995585
0.995389
0.995095
0.994800
0.994702
0.994506
0.994310
0.994016
0.993525
0.993329
0.993133
0.992740
0.992348
0.991955
0.991661
0.991465
0.990876
0.990582
0.990484
0.989993
0.989601
0.989110
0.988620
0.988227
0.987933
0.987246
0.986658
0.986167
0.985775
0.985676
0.985284
0.984695
0.984303
0.983714
0.982929
0.982537
0.982047
0.981262
0.980673
0.979692
0.979201
0.978220
0.977337
0.977239
0.975964
0.974983
0.973904
0.973119
0.972334
0.971157
0.969783
0.968802
0.967723
0.966840
0.965368
0.964485
0.962916
0.961444
0.959286
0.957618
0.956539
0.954871
0.952320
0.951241
0.949279
0.946532
0.944374
0.942117
0.938782
0.935642
0.932110
0.927892
0.922300
0.915040
0.906799
0.894143
0.874718
0.847150
0.810458
0.756990
0.010000
0.020000
0.030000
0.040000
0.050000
0.060000
0.070000
0.080000
0.090000
0.100000
0.110000
0.120000
0.130000
0.140000
0.150000
0.160000
0.170000
0.180000
0.190000
0.200000
0.210000
0.220000
0.230000
0.240000
0.250000
0.260000
0.270000
0.280000
0.290000
0.300000
0.310000
0.320000
0.330000
0.340000
0.350000
0.360000
0.370000
0.380000
0.390000
0.400000
0.410000
0.420000
0.430000
0.440000
0.450000
0.460000
0.470000
0.480000
0.490000
0.500000
0.510000
0.520000
0.530000
0.540000
0.550000
0.560000
0.570000
0.580000
0.590000
0.600000
0.610000
0.620000
0.630000
0.640000
0.650000
0.660000
0.670000
0.680000
0.690000
0.700000
0.710000
0.720000
0.730000
0.740000
0.750000
0.760000
0.770000
0.780000
0.790000
0.800000
0.810000
0.820000
0.830000
0.840000
0.850000
0.860000
0.870000
0.880000
0.890000
0.900000
0.910000
0.920000
0.930000
0.940000
0.950000
0.960000
0.970000
0.980000
0.990000
