#FP  TP  Thr
0.079810
0.049608
0.031116
0.026292
0.021892
0.019745
0.017790
0.016515
0.015133
0.014070
0.013093
0.012264
0.011499
0.011031
0.010606
0.009926
0.009501
0.009139
0.008693
0.008374
0.007928
0.007652
0.007354
0.006993
0.006546
0.006249
0.005972
0.005696
0.005420
0.005186
0.005037
0.004846
0.004804
0.004633
0.004421
0.004272
0.004166
0.003975
0.003911
0.003783
0.003613
0.003613
0.003464
0.003358
0.003294
0.003252
0.003231
0.003103
0.003039
0.002891
0.002806
0.002742
0.002678
0.002657
0.002572
0.002402
0.002359
0.002189
0.002147
0.002083
0.001998
0.001913
0.001828
0.001764
0.001658
0.001530
0.001445
0.001360
0.001339
0.001254
0.001233
0.001190
0.001126
0.001041
0.000978
0.000914
0.000893
0.000850
0.000808
0.000765
0.000744
0.000680
0.000616
0.000595
0.000595
0.000574
0.000489
0.000425
0.000319
0.000298
0.000255
0.000255
0.000170
0.000085
0.000064
0.000043
0.000021
0.000021
0.000021
0.999589
0.999507
0.999260
0.999260
0.999260
0.999178
0.999095
0.998931
0.998849
0.998602
0.998355
0.997944
0.997944
0.997862
0.997697
0.997533
0.997368
0.997039
0.996628
0.996546
0.996381
0.996299
0.995806
0.995394
0.995065
0.994819
0.994161
0.993996
0.993832
0.993503
0.992927
0.992434
0.991693
0.991282
0.990953
0.990542
0.989884
0.989720
0.989391
0.988897
0.988568
0.988075
0.987828
0.987828
0.987746
0.987581
0.987170
0.987088
0.986512
0.986101
0.986019
0.985443
0.985114
0.984620
0.983962
0.983469
0.982893
0.981742
0.981166
0.980344
0.979850
0.978946
0.978370
0.977959
0.977630
0.976807
0.976314
0.975327
0.974422
0.973600
0.972119
0.971132
0.970310
0.969241
0.968089
0.966938
0.965787
0.965129
0.963648
0.961757
0.959701
0.957727
0.955424
0.953286
0.950654
0.947446
0.944568
0.941196
0.937577
0.932396
0.927297
0.921128
0.914467
0.904844
0.895057
0.877622
0.851797
0.803356
0.716753
0.010000
0.020000
0.030000
0.040000
0.050000
0.060000
0.070000
0.080000
0.090000
0.100000
0.110000
0.120000
0.130000
0.140000
0.150000
0.160000
0.170000
0.180000
0.190000
0.200000
0.210000
0.220000
0.230000
0.240000
0.250000
0.260000
0.270000
0.280000
0.290000
0.300000
0.310000
0.320000
0.330000
0.340000
0.350000
0.360000
0.370000
0.380000
0.390000
0.400000
0.410000
0.420000
0.430000
0.440000
0.450000
0.460000
0.470000
0.480000
0.490000
0.500000
0.510000
0.520000
0.530000
0.540000
0.550000
0.560000
0.570000
0.580000
0.590000
0.600000
0.610000
0.620000
0.630000
0.640000
0.650000
0.660000
0.670000
0.680000
0.690000
0.700000
0.710000
0.720000
0.730000
0.740000
0.750000
0.760000
0.770000
0.780000
0.790000
0.800000
0.810000
0.820000
0.830000
0.840000
0.850000
0.860000
0.870000
0.880000
0.890000
0.900000
0.910000
0.920000
0.930000
0.940000
0.950000
0.960000
0.970000
0.980000
0.990000
