#FP  TP  Thr
0.079208
0.051996
0.035394
0.029080
0.023926
0.021370
0.018599
0.017031
0.015378
0.014519
0.013574
0.012843
0.012049
0.011404
0.010889
0.010459
0.009858
0.009536
0.009171
0.008806
0.008462
0.008204
0.007882
0.007560
0.007195
0.006959
0.006808
0.006508
0.006293
0.006207
0.005885
0.005756
0.005606
0.005498
0.005219
0.005004
0.004832
0.004682
0.004575
0.004489
0.004252
0.004102
0.003973
0.003801
0.003694
0.003458
0.003243
0.003136
0.002985
0.002899
0.002620
0.002534
0.002470
0.002427
0.002341
0.002298
0.002191
0.002083
0.001976
0.001890
0.001783
0.001675
0.001632
0.001568
0.001525
0.001439
0.001396
0.001353
0.001353
0.001267
0.001181
0.001138
0.001052
0.000988
0.000902
0.000816
0.000816
0.000752
0.000687
0.000666
0.000580
0.000515
0.000472
0.000430
0.000408
0.000344
0.000322
0.000322
0.000301
0.000279
0.000236
0.000215
0.000215
0.000150
0.000086
0.000043
0.000043
0.000000
0.000000
0.999830
0.999661
0.999576
0.999491
0.999407
0.999237
0.999237
0.999237
0.998898
0.998644
0.998559
0.998305
0.998220
0.998220
0.998135
0.997965
0.997626
0.997457
0.997287
0.997118
0.996948
0.996863
0.996609
0.996524
0.996355
0.996270
0.995761
0.995507
0.994998
0.994490
0.994066
0.993727
0.993303
0.993048
0.992709
0.992116
0.991692
0.991183
0.990844
0.990675
0.990251
0.990081
0.989827
0.989658
0.989318
0.989149
0.988640
0.988216
0.987708
0.987030
0.986351
0.985673
0.984910
0.984486
0.983723
0.983215
0.981943
0.981350
0.980587
0.979654
0.979400
0.978637
0.977874
0.976602
0.975415
0.974229
0.973126
0.972364
0.971516
0.970668
0.969820
0.968549
0.967531
0.966260
0.965158
0.963377
0.961767
0.960410
0.959563
0.958037
0.955917
0.953713
0.952018
0.950322
0.947440
0.944727
0.941590
0.938538
0.934808
0.931163
0.926246
0.919634
0.911750
0.898610
0.882926
0.862835
0.837318
0.801034
0.738555
0.010000
0.020000
0.030000
0.040000
0.050000
0.060000
0.070000
0.080000
0.090000
0.100000
0.110000
0.120000
0.130000
0.140000
0.150000
0.160000
0.170000
0.180000
0.190000
0.200000
0.210000
0.220000
0.230000
0.240000
0.250000
0.260000
0.270000
0.280000
0.290000
0.300000
0.310000
0.320000
0.330000
0.340000
0.350000
0.360000
0.370000
0.380000
0.390000
0.400000
0.410000
0.420000
0.430000
0.440000
0.450000
0.460000
0.470000
0.480000
0.490000
0.500000
0.510000
0.520000
0.530000
0.540000
0.550000
0.560000
0.570000
0.580000
0.590000
0.600000
0.610000
0.620000
0.630000
0.640000
0.650000
0.660000
0.670000
0.680000
0.690000
0.700000
0.710000
0.720000
0.730000
0.740000
0.750000
0.760000
0.770000
0.780000
0.790000
0.800000
0.810000
0.820000
0.830000
0.840000
0.850000
0.860000
0.870000
0.880000
0.890000
0.900000
0.910000
0.920000
0.930000
0.940000
0.950000
0.960000
0.970000
0.980000
0.990000
