#FP  TP  Thr
0.082714
0.051858
0.033149
0.027352
0.022468
0.019622
0.016968
0.015417
0.013973
0.012975
0.011956
0.011043
0.010575
0.010002
0.009344
0.009047
0.008707
0.008197
0.007687
0.007539
0.007284
0.007072
0.006817
0.006583
0.006328
0.006073
0.005840
0.005606
0.005351
0.005160
0.005033
0.004927
0.004736
0.004460
0.004396
0.004353
0.004183
0.004077
0.003929
0.003822
0.003695
0.003610
0.003568
0.003483
0.003419
0.003228
0.003100
0.002994
0.002824
0.002761
0.002654
0.002633
0.002548
0.002463
0.002378
0.002272
0.002166
0.002039
0.002017
0.001869
0.001805
0.001763
0.001593
0.001487
0.001338
0.001338
0.001232
0.001147
0.001062
0.001041
0.001019
0.000977
0.000913
0.000849
0.000786
0.000701
0.000637
0.000573
0.000573
0.000531
0.000531
0.000531
0.000446
0.000403
0.000361
0.000319
0.000297
0.000255
0.000234
0.000234
0.000234
0.000212
0.000191
0.000170
0.000149
0.000127
0.000127
0.000064
0.000042
0.999830
0.999746
0.999661
0.999491
0.999152
0.998897
0.998558
0.998388
0.998388
0.998304
0.998219
0.997710
0.997455
0.997286
0.997031
0.996692
0.996353
0.996013
0.995844
0.995419
0.995080
0.994741
0.994571
0.994402
0.993977
0.993723
0.993553
0.993384
0.993129
0.992790
0.992366
0.992026
0.991857
0.991518
0.991348
0.990839
0.990500
0.990160
0.989821
0.989397
0.989142
0.988549
0.988294
0.988209
0.988125
0.987700
0.987191
0.986852
0.986258
0.986089
0.985495
0.984986
0.984053
0.983290
0.982781
0.982526
0.982102
0.981678
0.981084
0.980745
0.980066
0.979388
0.978794
0.978285
0.977691
0.977267
0.976249
0.975910
0.974807
0.973789
0.972602
0.971075
0.969293
0.968615
0.966664
0.965391
0.963780
0.962253
0.960811
0.958097
0.955467
0.953940
0.951989
0.949360
0.946730
0.944100
0.941216
0.936721
0.932395
0.927644
0.922809
0.916787
0.908559
0.899907
0.888455
0.869285
0.845279
0.806854
0.746543
0.010000
0.020000
0.030000
0.040000
0.050000
0.060000
0.070000
0.080000
0.090000
0.100000
0.110000
0.120000
0.130000
0.140000
0.150000
0.160000
0.170000
0.180000
0.190000
0.200000
0.210000
0.220000
0.230000
0.240000
0.250000
0.260000
0.270000
0.280000
0.290000
0.300000
0.310000
0.320000
0.330000
0.340000
0.350000
0.360000
0.370000
0.380000
0.390000
0.400000
0.410000
0.420000
0.430000
0.440000
0.450000
0.460000
0.470000
0.480000
0.490000
0.500000
0.510000
0.520000
0.530000
0.540000
0.550000
0.560000
0.570000
0.580000
0.590000
0.600000
0.610000
0.620000
0.630000
0.640000
0.650000
0.660000
0.670000
0.680000
0.690000
0.700000
0.710000
0.720000
0.730000
0.740000
0.750000
0.760000
0.770000
0.780000
0.790000
0.800000
0.810000
0.820000
0.830000
0.840000
0.850000
0.860000
0.870000
0.880000
0.890000
0.900000
0.910000
0.920000
0.930000
0.940000
0.950000
0.960000
0.970000
0.980000
0.990000
