#FP  TP  Thr
0.081489
0.050126
0.031279
0.025873
0.020425
0.018090
0.016113
0.014682
0.013504
0.012495
0.011443
0.010812
0.009971
0.009382
0.008919
0.008519
0.008183
0.007972
0.007657
0.007509
0.007152
0.006773
0.006458
0.006205
0.005953
0.005890
0.005658
0.005595
0.005469
0.005238
0.004943
0.004859
0.004712
0.004544
0.004438
0.004375
0.004270
0.004186
0.003955
0.003891
0.003744
0.003555
0.003471
0.003429
0.003302
0.003197
0.002987
0.002882
0.002798
0.002650
0.002503
0.002356
0.002272
0.002188
0.002082
0.001977
0.001872
0.001788
0.001662
0.001641
0.001557
0.001557
0.001451
0.001367
0.001283
0.001178
0.001115
0.001115
0.001094
0.001031
0.000968
0.000862
0.000820
0.000694
0.000631
0.000589
0.000547
0.000526
0.000505
0.000484
0.000442
0.000358
0.000294
0.000252
0.000210
0.000189
0.000168
0.000168
0.000168
0.000126
0.000105
0.000084
0.000063
0.000042
0.000000
0.000000
0.000000
0.000000
0.000000
0.999734
0.999734
0.999645
0.999557
0.999468
0.999291
0.999291
0.999114
0.999114
0.999025
0.998759
0.998493
0.998138
0.997695
0.997607
0.997075
0.997075
0.996809
0.996366
0.996277
0.996011
0.995834
0.995568
0.995302
0.995125
0.995125
0.994947
0.994593
0.994238
0.994061
0.993618
0.993263
0.992997
0.992554
0.992199
0.992022
0.991579
0.991313
0.991047
0.990692
0.990515
0.990426
0.990160
0.990072
0.989806
0.989451
0.988919
0.988653
0.987944
0.987412
0.986703
0.985994
0.985462
0.985374
0.985108
0.984221
0.983512
0.982803
0.982094
0.981473
0.980853
0.980587
0.979612
0.978903
0.977750
0.977573
0.976598
0.975623
0.974914
0.974116
0.973584
0.972166
0.970836
0.970038
0.968974
0.967645
0.966404
0.964454
0.963035
0.960908
0.958514
0.956830
0.954525
0.952132
0.950270
0.947877
0.945395
0.942558
0.939367
0.935289
0.930503
0.924032
0.913040
0.901250
0.885028
0.868185
0.840174
0.800195
0.724493
0.010000
0.020000
0.030000
0.040000
0.050000
0.060000
0.070000
0.080000
0.090000
0.100000
0.110000
0.120000
0.130000
0.140000
0.150000
0.160000
0.170000
0.180000
0.190000
0.200000
0.210000
0.220000
0.230000
0.240000
0.250000
0.260000
0.270000
0.280000
0.290000
0.300000
0.310000
0.320000
0.330000
0.340000
0.350000
0.360000
0.370000
0.380000
0.390000
0.400000
0.410000
0.420000
0.430000
0.440000
0.450000
0.460000
0.470000
0.480000
0.490000
0.500000
0.510000
0.520000
0.530000
0.540000
0.550000
0.560000
0.570000
0.580000
0.590000
0.600000
0.610000
0.620000
0.630000
0.640000
0.650000
0.660000
0.670000
0.680000
0.690000
0.700000
0.710000
0.720000
0.730000
0.740000
0.750000
0.760000
0.770000
0.780000
0.790000
0.800000
0.810000
0.820000
0.830000
0.840000
0.850000
0.860000
0.870000
0.880000
0.890000
0.900000
0.910000
0.920000
0.930000
0.940000
0.950000
0.960000
0.970000
0.980000
0.990000
