#FP  TP  Thr
0.075723
0.049579
0.031877
0.024989
0.020306
0.017849
0.015644
0.013943
0.012494
0.011613
0.011004
0.010164
0.009471
0.009156
0.008757
0.008442
0.008127
0.007707
0.007392
0.007035
0.006741
0.006489
0.006300
0.006111
0.006006
0.005922
0.005796
0.005670
0.005376
0.005124
0.005061
0.004977
0.004872
0.004830
0.004788
0.004599
0.004452
0.004221
0.004032
0.003948
0.003906
0.003801
0.003717
0.003633
0.003549
0.003444
0.003360
0.003276
0.003150
0.003024
0.002961
0.002751
0.002625
0.002415
0.002352
0.002289
0.002121
0.002037
0.001890
0.001848
0.001764
0.001701
0.001596
0.001554
0.001470
0.001407
0.001260
0.001134
0.001092
0.000966
0.000966
0.000861
0.000777
0.000693
0.000693
0.000672
0.000609
0.000546
0.000546
0.000525
0.000483
0.000462
0.000441
0.000420
0.000420
0.000378
0.000336
0.000315
0.000252
0.000231
0.000189
0.000168
0.000168
0.000168
0.000126
0.000084
0.000063
0.000000
0.000000
0.999906
0.999906
0.999625
0.999531
0.999343
0.999249
0.998686
0.998499
0.998499
0.998405
0.998030
0.997748
0.997654
0.997561
0.997561
0.997279
0.997185
0.997091
0.996810
0.996622
0.996153
0.995684
0.995496
0.995309
0.995027
0.994652
0.994183
0.993807
0.993338
0.993338
0.992869
0.992588
0.992494
0.992212
0.991556
0.991462
0.990993
0.990805
0.990711
0.990242
0.989679
0.988835
0.988741
0.988272
0.987896
0.987521
0.986864
0.986114
0.985457
0.984706
0.984331
0.984050
0.983580
0.982924
0.982173
0.981798
0.981047
0.980766
0.980484
0.979921
0.979171
0.978514
0.977576
0.976731
0.975980
0.974948
0.974104
0.973541
0.972790
0.971758
0.971102
0.970257
0.968850
0.967630
0.966410
0.965190
0.963689
0.962470
0.961250
0.959842
0.957684
0.955151
0.952993
0.950835
0.948771
0.946144
0.941734
0.937230
0.933571
0.929349
0.925127
0.918746
0.910021
0.898855
0.885907
0.863201
0.836836
0.798086
0.752768
0.010000
0.020000
0.030000
0.040000
0.050000
0.060000
0.070000
0.080000
0.090000
0.100000
0.110000
0.120000
0.130000
0.140000
0.150000
0.160000
0.170000
0.180000
0.190000
0.200000
0.210000
0.220000
0.230000
0.240000
0.250000
0.260000
0.270000
0.280000
0.290000
0.300000
0.310000
0.320000
0.330000
0.340000
0.350000
0.360000
0.370000
0.380000
0.390000
0.400000
0.410000
0.420000
0.430000
0.440000
0.450000
0.460000
0.470000
0.480000
0.490000
0.500000
0.510000
0.520000
0.530000
0.540000
0.550000
0.560000
0.570000
0.580000
0.590000
0.600000
0.610000
0.620000
0.630000
0.640000
0.650000
0.660000
0.670000
0.680000
0.690000
0.700000
0.710000
0.720000
0.730000
0.740000
0.750000
0.760000
0.770000
0.780000
0.790000
0.800000
0.810000
0.820000
0.830000
0.840000
0.850000
0.860000
0.870000
0.880000
0.890000
0.900000
0.910000
0.920000
0.930000
0.940000
0.950000
0.960000
0.970000
0.980000
0.990000
