#FP  TP  Thr
0.098714
0.058749
0.037869
0.031125
0.025786
0.022782
0.020512
0.019021
0.017638
0.016384
0.015411
0.014611
0.013855
0.013250
0.012407
0.011953
0.011413
0.010851
0.010289
0.009899
0.009510
0.009078
0.008754
0.008408
0.008084
0.007673
0.007349
0.006982
0.006787
0.006484
0.006333
0.006095
0.005771
0.005512
0.005252
0.005036
0.005015
0.004842
0.004647
0.004517
0.004453
0.004301
0.004215
0.004085
0.003977
0.003761
0.003674
0.003502
0.003285
0.003113
0.002983
0.002875
0.002702
0.002659
0.002594
0.002529
0.002442
0.002378
0.002291
0.002183
0.002053
0.001945
0.001902
0.001902
0.001816
0.001751
0.001708
0.001643
0.001535
0.001448
0.001427
0.001383
0.001297
0.001254
0.001146
0.001124
0.001016
0.000973
0.000886
0.000821
0.000778
0.000778
0.000757
0.000692
0.000584
0.000540
0.000454
0.000454
0.000389
0.000346
0.000281
0.000238
0.000195
0.000130
0.000086
0.000065
0.000043
0.000043
0.000022
0.999926
0.999630
0.999630
0.999630
0.999630
0.999630
0.999334
0.999186
0.999038
0.998964
0.998890
0.998742
0.998668
0.998520
0.998224
0.998002
0.997780
0.997336
0.997262
0.996892
0.996744
0.996522
0.996226
0.996004
0.995782
0.995411
0.994893
0.994745
0.994523
0.994301
0.993931
0.993709
0.993487
0.993117
0.992969
0.992525
0.991859
0.991637
0.991193
0.990897
0.990379
0.989787
0.989787
0.989417
0.989047
0.988307
0.987641
0.986604
0.986234
0.985420
0.985124
0.984458
0.983792
0.983200
0.982386
0.982016
0.981128
0.980758
0.980018
0.979130
0.978538
0.977946
0.976909
0.975947
0.975281
0.974689
0.974023
0.972987
0.972173
0.970915
0.969953
0.969287
0.968028
0.967066
0.966030
0.965216
0.964254
0.962626
0.960554
0.959147
0.957889
0.955817
0.953745
0.951673
0.949378
0.947158
0.944346
0.941755
0.938129
0.933615
0.929248
0.923919
0.915483
0.904899
0.892170
0.870485
0.842288
0.789816
0.715068
0.010000
0.020000
0.030000
0.040000
0.050000
0.060000
0.070000
0.080000
0.090000
0.100000
0.110000
0.120000
0.130000
0.140000
0.150000
0.160000
0.170000
0.180000
0.190000
0.200000
0.210000
0.220000
0.230000
0.240000
0.250000
0.260000
0.270000
0.280000
0.290000
0.300000
0.310000
0.320000
0.330000
0.340000
0.350000
0.360000
0.370000
0.380000
0.390000
0.400000
0.410000
0.420000
0.430000
0.440000
0.450000
0.460000
0.470000
0.480000
0.490000
0.500000
0.510000
0.520000
0.530000
0.540000
0.550000
0.560000
0.570000
0.580000
0.590000
0.600000
0.610000
0.620000
0.630000
0.640000
0.650000
0.660000
0.670000
0.680000
0.690000
0.700000
0.710000
0.720000
0.730000
0.740000
0.750000
0.760000
0.770000
0.780000
0.790000
0.800000
0.810000
0.820000
0.830000
0.840000
0.850000
0.860000
0.870000
0.880000
0.890000
0.900000
0.910000
0.920000
0.930000
0.940000
0.950000
0.960000
0.970000
0.980000
0.990000
