#FP  TP  Thr
0.101265
0.062433
0.040268
0.033740
0.028154
0.025552
0.023107
0.021379
0.019854
0.018754
0.017588
0.016534
0.015479
0.015008
0.014492
0.013976
0.013370
0.012899
0.012451
0.012002
0.011621
0.011284
0.011037
0.010723
0.010319
0.009916
0.009602
0.009175
0.008861
0.008547
0.008188
0.007964
0.007784
0.007583
0.007201
0.006977
0.006865
0.006730
0.006461
0.006237
0.006035
0.005765
0.005541
0.005362
0.005092
0.004958
0.004846
0.004554
0.004375
0.004128
0.004016
0.003881
0.003724
0.003634
0.003567
0.003365
0.003275
0.003230
0.003141
0.002939
0.002872
0.002782
0.002692
0.002580
0.002468
0.002400
0.002288
0.002221
0.002109
0.001974
0.001817
0.001772
0.001660
0.001593
0.001503
0.001256
0.001167
0.001122
0.001032
0.000942
0.000830
0.000763
0.000740
0.000740
0.000718
0.000606
0.000606
0.000583
0.000471
0.000449
0.000404
0.000292
0.000247
0.000224
0.000202
0.000112
0.000112
0.000090
0.000022
0.999867
0.999666
0.999533
0.999466
0.999333
0.999333
0.999066
0.999066
0.998865
0.998799
0.998665
0.998599
0.998332
0.998265
0.998198
0.997931
0.997597
0.997464
0.997397
0.996997
0.996930
0.996730
0.996730
0.996530
0.995996
0.995796
0.995662
0.995595
0.995462
0.995128
0.994794
0.994594
0.994394
0.993927
0.993526
0.993193
0.992926
0.992726
0.992325
0.991925
0.991391
0.991057
0.990523
0.990323
0.989522
0.988922
0.988121
0.987587
0.987253
0.986853
0.986185
0.985718
0.985117
0.984584
0.983582
0.982581
0.982248
0.981313
0.980846
0.979979
0.979245
0.978644
0.977576
0.976708
0.975908
0.974840
0.973972
0.973372
0.972371
0.970502
0.969768
0.968767
0.967832
0.966498
0.965163
0.963494
0.962360
0.960625
0.959090
0.957355
0.955553
0.953417
0.951081
0.948011
0.944674
0.942072
0.938134
0.934330
0.930326
0.926188
0.921116
0.916711
0.910438
0.902496
0.891751
0.876268
0.849640
0.799453
0.718500
0.010000
0.020000
0.030000
0.040000
0.050000
0.060000
0.070000
0.080000
0.090000
0.100000
0.110000
0.120000
0.130000
0.140000
0.150000
0.160000
0.170000
0.180000
0.190000
0.200000
0.210000
0.220000
0.230000
0.240000
0.250000
0.260000
0.270000
0.280000
0.290000
0.300000
0.310000
0.320000
0.330000
0.340000
0.350000
0.360000
0.370000
0.380000
0.390000
0.400000
0.410000
0.420000
0.430000
0.440000
0.450000
0.460000
0.470000
0.480000
0.490000
0.500000
0.510000
0.520000
0.530000
0.540000
0.550000
0.560000
0.570000
0.580000
0.590000
0.600000
0.610000
0.620000
0.630000
0.640000
0.650000
0.660000
0.670000
0.680000
0.690000
0.700000
0.710000
0.720000
0.730000
0.740000
0.750000
0.760000
0.770000
0.780000
0.790000
0.800000
0.810000
0.820000
0.830000
0.840000
0.850000
0.860000
0.870000
0.880000
0.890000
0.900000
0.910000
0.920000
0.930000
0.940000
0.950000
0.960000
0.970000
0.980000
0.990000
