#FP  TP  Thr
0.080403
0.051547
0.033220
0.026292
0.021441
0.019131
0.017013
0.015763
0.014280
0.013220
0.012076
0.011419
0.010763
0.009979
0.009470
0.009047
0.008581
0.008305
0.008051
0.007839
0.007627
0.007288
0.007055
0.006822
0.006547
0.006271
0.005975
0.005742
0.005593
0.005445
0.005318
0.005191
0.005127
0.004936
0.004767
0.004619
0.004513
0.004364
0.004280
0.004110
0.004047
0.003919
0.003856
0.003729
0.003644
0.003538
0.003453
0.003326
0.003242
0.003093
0.002987
0.002839
0.002733
0.002627
0.002564
0.002479
0.002352
0.002140
0.002055
0.001970
0.001886
0.001801
0.001674
0.001610
0.001504
0.001419
0.001356
0.001314
0.001208
0.001165
0.001059
0.000975
0.000911
0.000826
0.000763
0.000742
0.000742
0.000678
0.000657
0.000657
0.000636
0.000614
0.000593
0.000551
0.000551
0.000508
0.000424
0.000360
0.000339
0.000233
0.000212
0.000191
0.000191
0.000148
0.000127
0.000085
0.000042
0.000021
0.000021
0.999730
0.999730
0.999551
0.999551
0.999281
0.999281
0.999012
0.998652
0.998203
0.997934
0.997844
0.997844
0.997394
0.997125
0.996765
0.996586
0.996047
0.995867
0.995418
0.995238
0.994789
0.994609
0.994429
0.993890
0.993531
0.993351
0.993082
0.992812
0.992453
0.991644
0.991465
0.991015
0.990836
0.990207
0.989937
0.989398
0.988859
0.988589
0.988140
0.987332
0.986882
0.986703
0.986164
0.985714
0.985265
0.984636
0.984187
0.983648
0.983558
0.982839
0.982480
0.981851
0.981671
0.980952
0.980503
0.979605
0.978976
0.978257
0.977538
0.976819
0.976550
0.975831
0.974933
0.973854
0.973136
0.972058
0.971069
0.969811
0.969182
0.968194
0.967296
0.966487
0.965858
0.964690
0.963522
0.962354
0.961456
0.958401
0.956424
0.954178
0.952561
0.950404
0.948428
0.945912
0.943396
0.940970
0.938365
0.935849
0.930997
0.925517
0.920305
0.913477
0.906020
0.896945
0.886613
0.867116
0.844205
0.799730
0.747350
0.010000
0.020000
0.030000
0.040000
0.050000
0.060000
0.070000
0.080000
0.090000
0.100000
0.110000
0.120000
0.130000
0.140000
0.150000
0.160000
0.170000
0.180000
0.190000
0.200000
0.210000
0.220000
0.230000
0.240000
0.250000
0.260000
0.270000
0.280000
0.290000
0.300000
0.310000
0.320000
0.330000
0.340000
0.350000
0.360000
0.370000
0.380000
0.390000
0.400000
0.410000
0.420000
0.430000
0.440000
0.450000
0.460000
0.470000
0.480000
0.490000
0.500000
0.510000
0.520000
0.530000
0.540000
0.550000
0.560000
0.570000
0.580000
0.590000
0.600000
0.610000
0.620000
0.630000
0.640000
0.650000
0.660000
0.670000
0.680000
0.690000
0.700000
0.710000
0.720000
0.730000
0.740000
0.750000
0.760000
0.770000
0.780000
0.790000
0.800000
0.810000
0.820000
0.830000
0.840000
0.850000
0.860000
0.870000
0.880000
0.890000
0.900000
0.910000
0.920000
0.930000
0.940000
0.950000
0.960000
0.970000
0.980000
0.990000
