#FP  TP  Thr
0.083363
0.052490
0.033103
0.027200
0.022147
0.020193
0.017666
0.016329
0.014588
0.013462
0.012337
0.011763
0.010978
0.010065
0.009576
0.009046
0.008578
0.008069
0.007772
0.007602
0.007304
0.006986
0.006816
0.006625
0.006391
0.006221
0.005967
0.005691
0.005542
0.005457
0.005308
0.005181
0.004947
0.004735
0.004565
0.004480
0.004395
0.004353
0.004183
0.004077
0.003928
0.003716
0.003504
0.003461
0.003376
0.003228
0.003100
0.003036
0.002888
0.002697
0.002654
0.002591
0.002442
0.002399
0.002378
0.002272
0.002208
0.002166
0.002081
0.001911
0.001826
0.001720
0.001635
0.001508
0.001465
0.001338
0.001295
0.001168
0.001104
0.001040
0.000977
0.000934
0.000934
0.000828
0.000743
0.000616
0.000595
0.000573
0.000510
0.000446
0.000382
0.000382
0.000382
0.000382
0.000340
0.000340
0.000297
0.000276
0.000212
0.000191
0.000191
0.000191
0.000170
0.000149
0.000149
0.000085
0.000042
0.000021
0.000021
0.999830
0.999576
0.999406
0.999151
0.998982
0.998897
0.998473
0.998218
0.998048
0.997539
0.997454
0.997369
0.997200
0.997030
0.996775
0.996606
0.996436
0.996096
0.995927
0.995587
0.995333
0.995248
0.995078
0.995078
0.994739
0.994654
0.994060
0.993551
0.993041
0.992957
0.992532
0.992023
0.991684
0.991344
0.991090
0.990835
0.990580
0.990411
0.990411
0.989902
0.989647
0.989392
0.988968
0.988119
0.987780
0.987525
0.987271
0.986592
0.986337
0.985828
0.985574
0.984810
0.984046
0.983876
0.983452
0.982858
0.981840
0.981500
0.980991
0.980652
0.980227
0.979464
0.978870
0.978276
0.977851
0.976663
0.975560
0.974372
0.973354
0.972590
0.971826
0.970553
0.969535
0.968092
0.966565
0.965207
0.963255
0.960964
0.959437
0.957145
0.955278
0.954345
0.951969
0.949338
0.946198
0.943568
0.940173
0.937288
0.934063
0.929311
0.924304
0.918703
0.912593
0.903004
0.892057
0.873303
0.849202
0.795655
0.738798
0.010000
0.020000
0.030000
0.040000
0.050000
0.060000
0.070000
0.080000
0.090000
0.100000
0.110000
0.120000
0.130000
0.140000
0.150000
0.160000
0.170000
0.180000
0.190000
0.200000
0.210000
0.220000
0.230000
0.240000
0.250000
0.260000
0.270000
0.280000
0.290000
0.300000
0.310000
0.320000
0.330000
0.340000
0.350000
0.360000
0.370000
0.380000
0.390000
0.400000
0.410000
0.420000
0.430000
0.440000
0.450000
0.460000
0.470000
0.480000
0.490000
0.500000
0.510000
0.520000
0.530000
0.540000
0.550000
0.560000
0.570000
0.580000
0.590000
0.600000
0.610000
0.620000
0.630000
0.640000
0.650000
0.660000
0.670000
0.680000
0.690000
0.700000
0.710000
0.720000
0.730000
0.740000
0.750000
0.760000
0.770000
0.780000
0.790000
0.800000
0.810000
0.820000
0.830000
0.840000
0.850000
0.860000
0.870000
0.880000
0.890000
0.900000
0.910000
0.920000
0.930000
0.940000
0.950000
0.960000
0.970000
0.980000
0.990000
