#FP  TP  Thr
0.082769
0.055970
0.037422
0.031501
0.026908
0.024056
0.021487
0.019245
0.017873
0.016806
0.015631
0.014782
0.013911
0.013040
0.012365
0.011886
0.011233
0.010907
0.010580
0.010145
0.009709
0.009122
0.008708
0.008294
0.007968
0.007750
0.007532
0.007315
0.007097
0.006792
0.006466
0.006226
0.006030
0.005769
0.005573
0.005268
0.005094
0.004985
0.004855
0.004724
0.004528
0.004376
0.004136
0.004049
0.003875
0.003788
0.003592
0.003418
0.003309
0.003157
0.003026
0.002808
0.002569
0.002460
0.002351
0.002308
0.002155
0.001981
0.001916
0.001872
0.001807
0.001698
0.001611
0.001524
0.001459
0.001284
0.001219
0.001088
0.001045
0.000958
0.000914
0.000871
0.000849
0.000827
0.000762
0.000675
0.000653
0.000653
0.000566
0.000522
0.000435
0.000435
0.000435
0.000370
0.000348
0.000305
0.000283
0.000218
0.000196
0.000152
0.000152
0.000152
0.000087
0.000087
0.000065
0.000044
0.000022
0.000000
0.000000
0.999709
0.999563
0.999126
0.999053
0.998908
0.998762
0.998762
0.998543
0.998398
0.998398
0.998325
0.997961
0.997815
0.997815
0.997815
0.997524
0.997305
0.996941
0.996868
0.996577
0.996504
0.996431
0.996213
0.995921
0.995703
0.995412
0.995266
0.994975
0.994465
0.994319
0.994028
0.993736
0.993445
0.993154
0.993008
0.992571
0.992134
0.992061
0.991187
0.990677
0.990386
0.989803
0.989658
0.989221
0.988420
0.987837
0.987618
0.987036
0.986453
0.986016
0.985433
0.985069
0.984487
0.983758
0.983248
0.982520
0.981937
0.980845
0.980262
0.979607
0.978806
0.978004
0.977203
0.976548
0.975819
0.975018
0.974217
0.973125
0.972105
0.971085
0.970138
0.968900
0.967953
0.966424
0.965331
0.964020
0.962709
0.960306
0.958995
0.957684
0.956009
0.954406
0.953023
0.950910
0.949017
0.945812
0.943263
0.939403
0.936854
0.932119
0.927094
0.920466
0.912527
0.904880
0.894683
0.876693
0.853751
0.804588
0.742972
0.010000
0.020000
0.030000
0.040000
0.050000
0.060000
0.070000
0.080000
0.090000
0.100000
0.110000
0.120000
0.130000
0.140000
0.150000
0.160000
0.170000
0.180000
0.190000
0.200000
0.210000
0.220000
0.230000
0.240000
0.250000
0.260000
0.270000
0.280000
0.290000
0.300000
0.310000
0.320000
0.330000
0.340000
0.350000
0.360000
0.370000
0.380000
0.390000
0.400000
0.410000
0.420000
0.430000
0.440000
0.450000
0.460000
0.470000
0.480000
0.490000
0.500000
0.510000
0.520000
0.530000
0.540000
0.550000
0.560000
0.570000
0.580000
0.590000
0.600000
0.610000
0.620000
0.630000
0.640000
0.650000
0.660000
0.670000
0.680000
0.690000
0.700000
0.710000
0.720000
0.730000
0.740000
0.750000
0.760000
0.770000
0.780000
0.790000
0.800000
0.810000
0.820000
0.830000
0.840000
0.850000
0.860000
0.870000
0.880000
0.890000
0.900000
0.910000
0.920000
0.930000
0.940000
0.950000
0.960000
0.970000
0.980000
0.990000
