#FP  TP  Thr
0.119867
0.073116
0.047589
0.040114
0.033274
0.029740
0.026909
0.025029
0.023330
0.021790
0.020703
0.019683
0.018823
0.017826
0.016988
0.016286
0.015289
0.014723
0.014111
0.013772
0.013251
0.012571
0.012027
0.011529
0.011121
0.010827
0.010397
0.010193
0.009898
0.009445
0.009151
0.008856
0.008449
0.008200
0.007928
0.007724
0.007520
0.007361
0.007226
0.006886
0.006727
0.006365
0.006138
0.005912
0.005572
0.005300
0.005187
0.004960
0.004757
0.004507
0.004326
0.004168
0.004032
0.003873
0.003783
0.003601
0.003420
0.003284
0.003148
0.003013
0.002899
0.002741
0.002650
0.002537
0.002401
0.002242
0.002084
0.002016
0.001948
0.001721
0.001608
0.001472
0.001404
0.001246
0.001155
0.001133
0.001110
0.001087
0.000997
0.000838
0.000770
0.000770
0.000702
0.000680
0.000612
0.000566
0.000521
0.000498
0.000408
0.000385
0.000362
0.000317
0.000249
0.000204
0.000181
0.000159
0.000091
0.000045
0.000045
0.999876
0.999815
0.999815
0.999691
0.999506
0.999444
0.999320
0.999012
0.998950
0.998703
0.998579
0.998332
0.998270
0.998023
0.997838
0.997714
0.997529
0.997467
0.997344
0.997220
0.997158
0.996726
0.996602
0.996479
0.996293
0.996108
0.995861
0.995552
0.995120
0.994872
0.994625
0.994316
0.994131
0.993884
0.993637
0.993266
0.992834
0.992710
0.992401
0.992278
0.992154
0.991845
0.991475
0.990857
0.990486
0.990116
0.989560
0.989189
0.988633
0.988262
0.987830
0.987397
0.987027
0.986471
0.985976
0.985420
0.984803
0.983876
0.982949
0.982455
0.981899
0.981034
0.980540
0.979675
0.978934
0.978254
0.977327
0.976030
0.975351
0.974300
0.973497
0.972632
0.970779
0.969358
0.967999
0.966331
0.964725
0.962748
0.962007
0.959968
0.957867
0.956014
0.953481
0.951010
0.948292
0.945697
0.943535
0.938963
0.935627
0.930623
0.926361
0.919071
0.910051
0.900229
0.888923
0.870575
0.849324
0.805214
0.719652
0.010000
0.020000
0.030000
0.040000
0.050000
0.060000
0.070000
0.080000
0.090000
0.100000
0.110000
0.120000
0.130000
0.140000
0.150000
0.160000
0.170000
0.180000
0.190000
0.200000
0.210000
0.220000
0.230000
0.240000
0.250000
0.260000
0.270000
0.280000
0.290000
0.300000
0.310000
0.320000
0.330000
0.340000
0.350000
0.360000
0.370000
0.380000
0.390000
0.400000
0.410000
0.420000
0.430000
0.440000
0.450000
0.460000
0.470000
0.480000
0.490000
0.500000
0.510000
0.520000
0.530000
0.540000
0.550000
0.560000
0.570000
0.580000
0.590000
0.600000
0.610000
0.620000
0.630000
0.640000
0.650000
0.660000
0.670000
0.680000
0.690000
0.700000
0.710000
0.720000
0.730000
0.740000
0.750000
0.760000
0.770000
0.780000
0.790000
0.800000
0.810000
0.820000
0.830000
0.840000
0.850000
0.860000
0.870000
0.880000
0.890000
0.900000
0.910000
0.920000
0.930000
0.940000
0.950000
0.960000
0.970000
0.980000
0.990000
