#FP  TP  Thr
0.111981
0.077016
0.049459
0.041459
0.034644
0.031779
0.028841
0.026446
0.024594
0.022939
0.021483
0.020248
0.019408
0.018273
0.017211
0.016396
0.015754
0.015112
0.014322
0.013853
0.013112
0.012544
0.012075
0.011729
0.011433
0.011112
0.010692
0.010346
0.009778
0.009581
0.009334
0.008889
0.008519
0.008346
0.008099
0.007778
0.007531
0.007309
0.007111
0.006815
0.006469
0.006198
0.005976
0.005729
0.005432
0.005309
0.005013
0.004840
0.004593
0.004445
0.004222
0.004099
0.004000
0.003976
0.003827
0.003655
0.003482
0.003383
0.003259
0.003087
0.002889
0.002864
0.002716
0.002617
0.002445
0.002247
0.002198
0.002074
0.001975
0.001852
0.001803
0.001679
0.001580
0.001531
0.001407
0.001333
0.001309
0.001185
0.001086
0.000988
0.000914
0.000864
0.000840
0.000815
0.000815
0.000815
0.000765
0.000716
0.000642
0.000519
0.000519
0.000519
0.000519
0.000420
0.000370
0.000346
0.000296
0.000198
0.000173
0.999854
0.999854
0.999756
0.999708
0.999659
0.999464
0.999367
0.999367
0.999220
0.999123
0.999026
0.998928
0.998928
0.998879
0.998733
0.998684
0.998538
0.998343
0.998295
0.998002
0.997905
0.997710
0.997271
0.997223
0.996930
0.996736
0.996687
0.996541
0.996248
0.996102
0.995956
0.995761
0.995469
0.995176
0.994787
0.994543
0.994348
0.994104
0.993861
0.993325
0.993130
0.992886
0.992691
0.992302
0.992156
0.991668
0.991279
0.990840
0.990450
0.989719
0.989427
0.988794
0.988550
0.988063
0.987478
0.987088
0.986504
0.986260
0.985675
0.985286
0.984555
0.984116
0.983775
0.983142
0.982460
0.981924
0.981241
0.980267
0.979585
0.978805
0.977782
0.976613
0.975638
0.974615
0.973300
0.972081
0.971107
0.970133
0.968866
0.967258
0.965942
0.964042
0.963068
0.961508
0.959462
0.957611
0.955857
0.952495
0.950497
0.948012
0.944309
0.940216
0.935636
0.929400
0.922042
0.909910
0.896122
0.856266
0.819333
0.010000
0.020000
0.030000
0.040000
0.050000
0.060000
0.070000
0.080000
0.090000
0.100000
0.110000
0.120000
0.130000
0.140000
0.150000
0.160000
0.170000
0.180000
0.190000
0.200000
0.210000
0.220000
0.230000
0.240000
0.250000
0.260000
0.270000
0.280000
0.290000
0.300000
0.310000
0.320000
0.330000
0.340000
0.350000
0.360000
0.370000
0.380000
0.390000
0.400000
0.410000
0.420000
0.430000
0.440000
0.450000
0.460000
0.470000
0.480000
0.490000
0.500000
0.510000
0.520000
0.530000
0.540000
0.550000
0.560000
0.570000
0.580000
0.590000
0.600000
0.610000
0.620000
0.630000
0.640000
0.650000
0.660000
0.670000
0.680000
0.690000
0.700000
0.710000
0.720000
0.730000
0.740000
0.750000
0.760000
0.770000
0.780000
0.790000
0.800000
0.810000
0.820000
0.830000
0.840000
0.850000
0.860000
0.870000
0.880000
0.890000
0.900000
0.910000
0.920000
0.930000
0.940000
0.950000
0.960000
0.970000
0.980000
0.990000
