#FP  TP  Thr
0.107446
0.068642
0.044441
0.038059
0.032166
0.029395
0.026506
0.024620
0.022943
0.021825
0.020590
0.019589
0.018843
0.018261
0.017888
0.017213
0.016491
0.015885
0.015303
0.014860
0.014441
0.014022
0.013649
0.013300
0.012997
0.012601
0.012089
0.011716
0.011343
0.011064
0.010854
0.010505
0.010318
0.010155
0.009946
0.009666
0.009480
0.009107
0.008828
0.008571
0.008385
0.008082
0.007896
0.007593
0.007407
0.006988
0.006685
0.006545
0.006312
0.006126
0.005986
0.005846
0.005707
0.005520
0.005241
0.005078
0.004728
0.004565
0.004402
0.004332
0.004262
0.004123
0.003936
0.003727
0.003634
0.003471
0.003238
0.003121
0.002842
0.002748
0.002655
0.002516
0.002399
0.002236
0.002050
0.001957
0.001724
0.001537
0.001444
0.001351
0.001328
0.001281
0.001188
0.001095
0.001071
0.000955
0.000885
0.000815
0.000769
0.000699
0.000652
0.000606
0.000536
0.000466
0.000396
0.000233
0.000210
0.000093
0.000023
0.999810
0.999683
0.999367
0.999304
0.999177
0.999050
0.998987
0.998924
0.998734
0.998607
0.998481
0.998291
0.998164
0.998164
0.998101
0.998101
0.998037
0.997784
0.997594
0.997468
0.997151
0.997088
0.996898
0.996708
0.996581
0.996455
0.996328
0.996075
0.995948
0.995885
0.995695
0.995379
0.995189
0.994619
0.994302
0.994049
0.993859
0.993733
0.993289
0.992910
0.992720
0.992087
0.991390
0.990567
0.989997
0.989618
0.989048
0.988162
0.987655
0.987528
0.987212
0.986579
0.986136
0.985629
0.985249
0.984553
0.984363
0.983857
0.983160
0.982464
0.981957
0.981451
0.980755
0.979615
0.978855
0.977779
0.976893
0.975500
0.974551
0.973348
0.972525
0.970499
0.969106
0.967713
0.966004
0.964421
0.962142
0.960370
0.958281
0.955622
0.953659
0.951443
0.948405
0.946252
0.943657
0.940238
0.936946
0.933401
0.928843
0.923841
0.917954
0.910990
0.901937
0.890289
0.875222
0.851418
0.823436
0.781907
0.729488
0.010000
0.020000
0.030000
0.040000
0.050000
0.060000
0.070000
0.080000
0.090000
0.100000
0.110000
0.120000
0.130000
0.140000
0.150000
0.160000
0.170000
0.180000
0.190000
0.200000
0.210000
0.220000
0.230000
0.240000
0.250000
0.260000
0.270000
0.280000
0.290000
0.300000
0.310000
0.320000
0.330000
0.340000
0.350000
0.360000
0.370000
0.380000
0.390000
0.400000
0.410000
0.420000
0.430000
0.440000
0.450000
0.460000
0.470000
0.480000
0.490000
0.500000
0.510000
0.520000
0.530000
0.540000
0.550000
0.560000
0.570000
0.580000
0.590000
0.600000
0.610000
0.620000
0.630000
0.640000
0.650000
0.660000
0.670000
0.680000
0.690000
0.700000
0.710000
0.720000
0.730000
0.740000
0.750000
0.760000
0.770000
0.780000
0.790000
0.800000
0.810000
0.820000
0.830000
0.840000
0.850000
0.860000
0.870000
0.880000
0.890000
0.900000
0.910000
0.920000
0.930000
0.940000
0.950000
0.960000
0.970000
0.980000
0.990000
