#FP  TP  Thr
0.110910
0.077344
0.047802
0.040089
0.033328
0.030328
0.027567
0.025282
0.023115
0.021687
0.020330
0.019235
0.018521
0.017545
0.016878
0.016283
0.015664
0.014950
0.014188
0.013831
0.013331
0.012831
0.012236
0.011784
0.011331
0.010951
0.010689
0.010451
0.009998
0.009736
0.009451
0.009237
0.008879
0.008665
0.008427
0.008046
0.007784
0.007475
0.007285
0.007046
0.006713
0.006499
0.006332
0.006189
0.005904
0.005713
0.005475
0.005356
0.005190
0.004975
0.004809
0.004571
0.004380
0.004261
0.004142
0.003952
0.003857
0.003690
0.003595
0.003452
0.003380
0.003261
0.003095
0.002904
0.002880
0.002785
0.002690
0.002595
0.002523
0.002381
0.002333
0.002214
0.002071
0.001976
0.001904
0.001881
0.001762
0.001690
0.001595
0.001547
0.001500
0.001357
0.001286
0.001214
0.001143
0.001024
0.000976
0.000928
0.000881
0.000809
0.000762
0.000643
0.000571
0.000476
0.000429
0.000357
0.000262
0.000238
0.000214
0.999946
0.999891
0.999728
0.999674
0.999511
0.999348
0.999239
0.999076
0.998913
0.998859
0.998859
0.998696
0.998642
0.998533
0.998424
0.998316
0.998207
0.997990
0.997664
0.997338
0.997120
0.997012
0.997012
0.996740
0.996523
0.996360
0.996088
0.995925
0.995762
0.995708
0.995436
0.995273
0.994893
0.994784
0.994675
0.994458
0.994132
0.993969
0.993643
0.993317
0.993100
0.992828
0.992393
0.992067
0.991524
0.991089
0.990546
0.990274
0.989785
0.989296
0.989133
0.988862
0.988318
0.987884
0.987612
0.987014
0.986362
0.985819
0.985547
0.984950
0.984243
0.983591
0.982613
0.981853
0.981092
0.980494
0.979734
0.978701
0.978158
0.977234
0.976582
0.975224
0.974083
0.973268
0.972344
0.971638
0.970334
0.969030
0.967672
0.966205
0.964521
0.962619
0.961261
0.959848
0.957403
0.955501
0.952730
0.950666
0.947297
0.943005
0.939745
0.934637
0.928878
0.921923
0.913013
0.897528
0.874110
0.831242
0.732084
0.010000
0.020000
0.030000
0.040000
0.050000
0.060000
0.070000
0.080000
0.090000
0.100000
0.110000
0.120000
0.130000
0.140000
0.150000
0.160000
0.170000
0.180000
0.190000
0.200000
0.210000
0.220000
0.230000
0.240000
0.250000
0.260000
0.270000
0.280000
0.290000
0.300000
0.310000
0.320000
0.330000
0.340000
0.350000
0.360000
0.370000
0.380000
0.390000
0.400000
0.410000
0.420000
0.430000
0.440000
0.450000
0.460000
0.470000
0.480000
0.490000
0.500000
0.510000
0.520000
0.530000
0.540000
0.550000
0.560000
0.570000
0.580000
0.590000
0.600000
0.610000
0.620000
0.630000
0.640000
0.650000
0.660000
0.670000
0.680000
0.690000
0.700000
0.710000
0.720000
0.730000
0.740000
0.750000
0.760000
0.770000
0.780000
0.790000
0.800000
0.810000
0.820000
0.830000
0.840000
0.850000
0.860000
0.870000
0.880000
0.890000
0.900000
0.910000
0.920000
0.930000
0.940000
0.950000
0.960000
0.970000
0.980000
0.990000
