#FP  TP  Thr
0.111097
0.066962
0.040699
0.032677
0.026481
0.024024
0.021197
0.019632
0.017784
0.016697
0.015523
0.014501
0.013566
0.012958
0.012262
0.011566
0.011088
0.010740
0.010305
0.009675
0.009370
0.008870
0.008522
0.008218
0.007914
0.007653
0.007348
0.007066
0.006957
0.006740
0.006435
0.006348
0.006044
0.005892
0.005696
0.005414
0.005240
0.005022
0.004827
0.004653
0.004479
0.004392
0.004283
0.004044
0.003913
0.003783
0.003674
0.003500
0.003218
0.003131
0.002957
0.002805
0.002761
0.002565
0.002457
0.002413
0.002348
0.002239
0.002152
0.002087
0.002000
0.001826
0.001718
0.001674
0.001565
0.001435
0.001391
0.001348
0.001304
0.001217
0.001152
0.001087
0.001087
0.000978
0.000913
0.000891
0.000783
0.000783
0.000674
0.000652
0.000565
0.000522
0.000500
0.000478
0.000457
0.000413
0.000326
0.000326
0.000304
0.000304
0.000261
0.000261
0.000217
0.000152
0.000087
0.000043
0.000022
0.000022
0.000000
0.999933
0.999800
0.999534
0.999268
0.999002
0.998935
0.998802
0.998736
0.998602
0.998270
0.998203
0.998070
0.998003
0.997737
0.997737
0.997538
0.997404
0.997404
0.997338
0.997271
0.997005
0.996739
0.996539
0.996273
0.996140
0.995874
0.995674
0.995475
0.995208
0.995075
0.994942
0.994742
0.994476
0.994410
0.994077
0.993744
0.993411
0.993345
0.993145
0.992679
0.992280
0.992014
0.991881
0.991548
0.990882
0.990284
0.990084
0.989818
0.989152
0.988753
0.988487
0.987688
0.986956
0.986823
0.986357
0.985758
0.985226
0.984760
0.984294
0.983695
0.983229
0.982763
0.981898
0.981099
0.980367
0.979569
0.978570
0.977506
0.976441
0.975842
0.975176
0.974311
0.973379
0.972248
0.971050
0.969653
0.968388
0.966724
0.965726
0.964328
0.962798
0.961201
0.958938
0.957208
0.955144
0.952815
0.949754
0.946360
0.942633
0.939372
0.934713
0.929256
0.921070
0.912086
0.903101
0.883801
0.855983
0.821642
0.764941
0.010000
0.020000
0.030000
0.040000
0.050000
0.060000
0.070000
0.080000
0.090000
0.100000
0.110000
0.120000
0.130000
0.140000
0.150000
0.160000
0.170000
0.180000
0.190000
0.200000
0.210000
0.220000
0.230000
0.240000
0.250000
0.260000
0.270000
0.280000
0.290000
0.300000
0.310000
0.320000
0.330000
0.340000
0.350000
0.360000
0.370000
0.380000
0.390000
0.400000
0.410000
0.420000
0.430000
0.440000
0.450000
0.460000
0.470000
0.480000
0.490000
0.500000
0.510000
0.520000
0.530000
0.540000
0.550000
0.560000
0.570000
0.580000
0.590000
0.600000
0.610000
0.620000
0.630000
0.640000
0.650000
0.660000
0.670000
0.680000
0.690000
0.700000
0.710000
0.720000
0.730000
0.740000
0.750000
0.760000
0.770000
0.780000
0.790000
0.800000
0.810000
0.820000
0.830000
0.840000
0.850000
0.860000
0.870000
0.880000
0.890000
0.900000
0.910000
0.920000
0.930000
0.940000
0.950000
0.960000
0.970000
0.980000
0.990000
