#FP  TP  Thr
0.099180
0.057790
0.039281
0.032147
0.027231
0.024360
0.021576
0.019727
0.017966
0.016856
0.016008
0.015269
0.014529
0.013572
0.012898
0.012354
0.011897
0.011441
0.011114
0.010636
0.010418
0.009896
0.009614
0.009396
0.009157
0.008983
0.008635
0.008374
0.008222
0.007830
0.007439
0.007134
0.006938
0.006699
0.006503
0.006286
0.006112
0.005894
0.005655
0.005568
0.005285
0.004959
0.004829
0.004633
0.004350
0.004241
0.004002
0.003785
0.003632
0.003567
0.003437
0.003263
0.003132
0.003023
0.002915
0.002828
0.002675
0.002588
0.002436
0.002327
0.002306
0.002197
0.002110
0.002023
0.001958
0.001827
0.001805
0.001784
0.001718
0.001675
0.001588
0.001566
0.001414
0.001370
0.001327
0.001283
0.001175
0.001044
0.000957
0.000892
0.000827
0.000783
0.000740
0.000696
0.000696
0.000696
0.000631
0.000522
0.000522
0.000413
0.000413
0.000413
0.000326
0.000239
0.000218
0.000174
0.000152
0.000109
0.000022
0.999774
0.999549
0.999398
0.999172
0.999097
0.998872
0.998721
0.998721
0.998646
0.998646
0.998420
0.998345
0.998195
0.997969
0.997743
0.997442
0.997367
0.997292
0.997217
0.996916
0.996840
0.996840
0.996765
0.996615
0.996314
0.996013
0.995862
0.995712
0.995637
0.995110
0.994659
0.994358
0.993756
0.993380
0.992929
0.992703
0.992402
0.992026
0.991499
0.991198
0.990822
0.990145
0.989920
0.989619
0.989393
0.988791
0.987964
0.987512
0.986609
0.986008
0.985481
0.985105
0.984729
0.984127
0.983450
0.982848
0.982246
0.981268
0.980742
0.979914
0.979463
0.978936
0.977958
0.976905
0.976002
0.974949
0.974423
0.973670
0.972542
0.971489
0.970436
0.969683
0.968028
0.966599
0.965094
0.964116
0.963063
0.961408
0.959076
0.956970
0.955917
0.953735
0.951854
0.949898
0.947867
0.945310
0.942451
0.939216
0.934627
0.930415
0.925750
0.919958
0.912811
0.903408
0.890243
0.871135
0.843602
0.795607
0.700218
0.010000
0.020000
0.030000
0.040000
0.050000
0.060000
0.070000
0.080000
0.090000
0.100000
0.110000
0.120000
0.130000
0.140000
0.150000
0.160000
0.170000
0.180000
0.190000
0.200000
0.210000
0.220000
0.230000
0.240000
0.250000
0.260000
0.270000
0.280000
0.290000
0.300000
0.310000
0.320000
0.330000
0.340000
0.350000
0.360000
0.370000
0.380000
0.390000
0.400000
0.410000
0.420000
0.430000
0.440000
0.450000
0.460000
0.470000
0.480000
0.490000
0.500000
0.510000
0.520000
0.530000
0.540000
0.550000
0.560000
0.570000
0.580000
0.590000
0.600000
0.610000
0.620000
0.630000
0.640000
0.650000
0.660000
0.670000
0.680000
0.690000
0.700000
0.710000
0.720000
0.730000
0.740000
0.750000
0.760000
0.770000
0.780000
0.790000
0.800000
0.810000
0.820000
0.830000
0.840000
0.850000
0.860000
0.870000
0.880000
0.890000
0.900000
0.910000
0.920000
0.930000
0.940000
0.950000
0.960000
0.970000
0.980000
0.990000
