#FP  TP  Thr
0.099282
0.061059
0.041460
0.034675
0.029421
0.026871
0.024632
0.023058
0.021129
0.019821
0.018491
0.017382
0.016562
0.015608
0.014877
0.014212
0.013524
0.012948
0.012549
0.012039
0.011618
0.011063
0.010709
0.010176
0.009733
0.009356
0.009090
0.008713
0.008447
0.008004
0.007826
0.007627
0.007383
0.007117
0.006851
0.006585
0.006430
0.006319
0.006186
0.005897
0.005631
0.005498
0.005321
0.005099
0.004988
0.004900
0.004678
0.004412
0.004346
0.004079
0.003858
0.003725
0.003547
0.003459
0.003148
0.003082
0.003037
0.002860
0.002705
0.002638
0.002594
0.002439
0.002372
0.002173
0.002106
0.001885
0.001796
0.001663
0.001574
0.001530
0.001485
0.001441
0.001397
0.001330
0.001219
0.001109
0.001086
0.001042
0.000998
0.000953
0.000909
0.000887
0.000754
0.000754
0.000732
0.000709
0.000665
0.000554
0.000532
0.000466
0.000443
0.000333
0.000288
0.000244
0.000200
0.000089
0.000089
0.000067
0.000067
0.999930
0.999789
0.999719
0.999719
0.999719
0.999649
0.999297
0.999227
0.998806
0.998735
0.998314
0.998314
0.998173
0.997962
0.997822
0.997752
0.997471
0.997400
0.997260
0.996979
0.996909
0.996628
0.996347
0.996065
0.996065
0.995784
0.995714
0.995293
0.994871
0.994520
0.994379
0.994098
0.993606
0.993185
0.993044
0.992482
0.992131
0.991569
0.991007
0.990515
0.989602
0.989180
0.988969
0.988477
0.987986
0.987424
0.986932
0.986721
0.986159
0.985667
0.985035
0.984051
0.983700
0.982927
0.981873
0.981381
0.980327
0.979765
0.978992
0.978149
0.977658
0.977166
0.975761
0.974636
0.973161
0.972458
0.971334
0.969789
0.968664
0.967681
0.966697
0.965151
0.963887
0.962552
0.961357
0.960163
0.958688
0.956791
0.955104
0.952926
0.951170
0.948570
0.946181
0.944074
0.941334
0.938664
0.934659
0.931567
0.927141
0.923909
0.918780
0.912597
0.905361
0.896649
0.885758
0.868756
0.846765
0.802501
0.733507
0.010000
0.020000
0.030000
0.040000
0.050000
0.060000
0.070000
0.080000
0.090000
0.100000
0.110000
0.120000
0.130000
0.140000
0.150000
0.160000
0.170000
0.180000
0.190000
0.200000
0.210000
0.220000
0.230000
0.240000
0.250000
0.260000
0.270000
0.280000
0.290000
0.300000
0.310000
0.320000
0.330000
0.340000
0.350000
0.360000
0.370000
0.380000
0.390000
0.400000
0.410000
0.420000
0.430000
0.440000
0.450000
0.460000
0.470000
0.480000
0.490000
0.500000
0.510000
0.520000
0.530000
0.540000
0.550000
0.560000
0.570000
0.580000
0.590000
0.600000
0.610000
0.620000
0.630000
0.640000
0.650000
0.660000
0.670000
0.680000
0.690000
0.700000
0.710000
0.720000
0.730000
0.740000
0.750000
0.760000
0.770000
0.780000
0.790000
0.800000
0.810000
0.820000
0.830000
0.840000
0.850000
0.860000
0.870000
0.880000
0.890000
0.900000
0.910000
0.920000
0.930000
0.940000
0.950000
0.960000
0.970000
0.980000
0.990000
