#FP  TP  Thr
0.080493
0.051379
0.032005
0.025218
0.019940
0.017636
0.015395
0.013866
0.012546
0.011562
0.010724
0.010159
0.009551
0.009028
0.008609
0.008294
0.007938
0.007561
0.007080
0.006703
0.006430
0.006179
0.005907
0.005718
0.005362
0.005174
0.005006
0.004797
0.004503
0.004399
0.004189
0.004022
0.003833
0.003603
0.003498
0.003351
0.003205
0.003121
0.002870
0.002807
0.002744
0.002597
0.002555
0.002472
0.002367
0.002283
0.002199
0.002115
0.001990
0.001822
0.001780
0.001759
0.001718
0.001676
0.001592
0.001466
0.001382
0.001320
0.001278
0.001194
0.001152
0.001110
0.001047
0.001047
0.001005
0.001005
0.000943
0.000859
0.000796
0.000733
0.000733
0.000712
0.000628
0.000586
0.000545
0.000482
0.000461
0.000419
0.000377
0.000377
0.000377
0.000356
0.000314
0.000293
0.000272
0.000251
0.000251
0.000209
0.000168
0.000126
0.000126
0.000126
0.000063
0.000063
0.000063
0.000063
0.000063
0.000042
0.000021
0.999833
0.999749
0.999665
0.999581
0.999498
0.999498
0.999330
0.999163
0.998995
0.998912
0.998828
0.998661
0.998577
0.998409
0.998158
0.997907
0.997907
0.997572
0.997405
0.997237
0.997154
0.996986
0.996902
0.996651
0.996316
0.995982
0.995814
0.995396
0.995061
0.994642
0.994475
0.994224
0.993972
0.993638
0.993219
0.993135
0.992800
0.992549
0.992131
0.991796
0.991293
0.991126
0.990791
0.990456
0.990373
0.990205
0.989703
0.989117
0.988782
0.988447
0.988112
0.987442
0.986940
0.986438
0.986019
0.985350
0.984847
0.984010
0.983675
0.983340
0.983173
0.982587
0.982085
0.981331
0.980578
0.979657
0.979071
0.978150
0.976727
0.976308
0.975303
0.974131
0.972959
0.971034
0.970197
0.969025
0.967267
0.965843
0.964671
0.963248
0.961323
0.960151
0.958393
0.956551
0.953704
0.951695
0.949016
0.946003
0.942319
0.938217
0.933947
0.927585
0.919548
0.910088
0.897698
0.878024
0.852742
0.815069
0.759230
0.010000
0.020000
0.030000
0.040000
0.050000
0.060000
0.070000
0.080000
0.090000
0.100000
0.110000
0.120000
0.130000
0.140000
0.150000
0.160000
0.170000
0.180000
0.190000
0.200000
0.210000
0.220000
0.230000
0.240000
0.250000
0.260000
0.270000
0.280000
0.290000
0.300000
0.310000
0.320000
0.330000
0.340000
0.350000
0.360000
0.370000
0.380000
0.390000
0.400000
0.410000
0.420000
0.430000
0.440000
0.450000
0.460000
0.470000
0.480000
0.490000
0.500000
0.510000
0.520000
0.530000
0.540000
0.550000
0.560000
0.570000
0.580000
0.590000
0.600000
0.610000
0.620000
0.630000
0.640000
0.650000
0.660000
0.670000
0.680000
0.690000
0.700000
0.710000
0.720000
0.730000
0.740000
0.750000
0.760000
0.770000
0.780000
0.790000
0.800000
0.810000
0.820000
0.830000
0.840000
0.850000
0.860000
0.870000
0.880000
0.890000
0.900000
0.910000
0.920000
0.930000
0.940000
0.950000
0.960000
0.970000
0.980000
0.990000
