#FP  TP  Thr
0.101029
0.066059
0.042535
0.034730
0.029062
0.026162
0.023764
0.021453
0.019469
0.018052
0.016722
0.015697
0.014869
0.014193
0.013473
0.012863
0.012296
0.011860
0.011533
0.011206
0.010683
0.010247
0.009985
0.009702
0.009397
0.009048
0.008786
0.008524
0.008263
0.008067
0.007761
0.007391
0.007325
0.007064
0.006715
0.006497
0.006322
0.006170
0.005995
0.005799
0.005647
0.005494
0.005232
0.005102
0.004927
0.004709
0.004578
0.004404
0.004317
0.004077
0.003903
0.003750
0.003619
0.003597
0.003510
0.003270
0.003118
0.002943
0.002878
0.002812
0.002791
0.002638
0.002594
0.002507
0.002376
0.002224
0.002137
0.001984
0.001766
0.001679
0.001548
0.001483
0.001439
0.001308
0.001243
0.001155
0.001134
0.001068
0.001025
0.000916
0.000916
0.000828
0.000763
0.000719
0.000654
0.000589
0.000545
0.000501
0.000501
0.000501
0.000458
0.000436
0.000371
0.000349
0.000283
0.000218
0.000153
0.000109
0.000065
0.999929
0.999787
0.999716
0.999574
0.999361
0.999290
0.999219
0.999148
0.998935
0.998650
0.998437
0.998295
0.998224
0.998153
0.998082
0.998011
0.997798
0.997798
0.997656
0.997585
0.997230
0.996875
0.996661
0.996519
0.996448
0.996164
0.995880
0.995525
0.995099
0.994815
0.994673
0.994317
0.994104
0.993962
0.993749
0.993394
0.992826
0.992471
0.992328
0.992044
0.991760
0.991263
0.990624
0.990411
0.990055
0.989842
0.989416
0.988919
0.988564
0.987640
0.987356
0.986859
0.986007
0.985367
0.984444
0.983591
0.982668
0.981816
0.980892
0.980040
0.979045
0.978051
0.977341
0.976630
0.975565
0.974641
0.973931
0.973008
0.972084
0.971374
0.970806
0.969527
0.968390
0.967325
0.965904
0.964555
0.963347
0.961784
0.960506
0.958801
0.957025
0.954681
0.953260
0.950987
0.949069
0.946015
0.943316
0.939551
0.936923
0.933868
0.929606
0.924066
0.917815
0.909859
0.897500
0.881020
0.856159
0.816238
0.749183
0.010000
0.020000
0.030000
0.040000
0.050000
0.060000
0.070000
0.080000
0.090000
0.100000
0.110000
0.120000
0.130000
0.140000
0.150000
0.160000
0.170000
0.180000
0.190000
0.200000
0.210000
0.220000
0.230000
0.240000
0.250000
0.260000
0.270000
0.280000
0.290000
0.300000
0.310000
0.320000
0.330000
0.340000
0.350000
0.360000
0.370000
0.380000
0.390000
0.400000
0.410000
0.420000
0.430000
0.440000
0.450000
0.460000
0.470000
0.480000
0.490000
0.500000
0.510000
0.520000
0.530000
0.540000
0.550000
0.560000
0.570000
0.580000
0.590000
0.600000
0.610000
0.620000
0.630000
0.640000
0.650000
0.660000
0.670000
0.680000
0.690000
0.700000
0.710000
0.720000
0.730000
0.740000
0.750000
0.760000
0.770000
0.780000
0.790000
0.800000
0.810000
0.820000
0.830000
0.840000
0.850000
0.860000
0.870000
0.880000
0.890000
0.900000
0.910000
0.920000
0.930000
0.940000
0.950000
0.960000
0.970000
0.980000
0.990000
