#FP  TP  Thr
0.109282
0.071384
0.047528
0.041315
0.034641
0.031801
0.028683
0.026859
0.024849
0.023556
0.022170
0.021224
0.020207
0.019399
0.018406
0.017759
0.017136
0.016304
0.015773
0.015288
0.014596
0.014272
0.013787
0.013464
0.013141
0.012702
0.012332
0.011801
0.011501
0.011201
0.010900
0.010646
0.010392
0.009907
0.009653
0.009446
0.009284
0.009076
0.008799
0.008545
0.008337
0.008175
0.007991
0.007690
0.007436
0.007182
0.006882
0.006651
0.006397
0.006189
0.006004
0.005820
0.005635
0.005404
0.005081
0.004780
0.004457
0.004342
0.004272
0.003995
0.003787
0.003603
0.003418
0.003302
0.003164
0.003048
0.002933
0.002748
0.002679
0.002587
0.002471
0.002263
0.002171
0.002078
0.001894
0.001778
0.001686
0.001570
0.001524
0.001409
0.001339
0.001293
0.001224
0.001178
0.001109
0.001039
0.001016
0.000947
0.000831
0.000670
0.000624
0.000554
0.000531
0.000439
0.000393
0.000254
0.000231
0.000162
0.000092
0.999766
0.999649
0.999474
0.999299
0.999065
0.998890
0.998773
0.998714
0.998597
0.998481
0.998422
0.998247
0.998130
0.998013
0.997896
0.997721
0.997487
0.997370
0.997195
0.997078
0.996961
0.996844
0.996669
0.996552
0.996377
0.996260
0.995968
0.995734
0.995383
0.995149
0.994682
0.994390
0.994156
0.993805
0.993630
0.993396
0.992870
0.992286
0.991701
0.991292
0.990591
0.990299
0.989773
0.989656
0.989130
0.988545
0.988078
0.987903
0.987084
0.986734
0.986325
0.985857
0.985390
0.984922
0.984104
0.983753
0.982526
0.981591
0.980597
0.979604
0.979078
0.978084
0.977383
0.976506
0.975571
0.974812
0.973526
0.972182
0.970837
0.969669
0.968500
0.967273
0.966513
0.964818
0.963474
0.962130
0.960610
0.959208
0.956753
0.954415
0.952604
0.950850
0.947694
0.945532
0.943136
0.940272
0.937058
0.934019
0.930513
0.925837
0.921396
0.916077
0.908947
0.900532
0.889194
0.872772
0.853428
0.812752
0.767576
0.010000
0.020000
0.030000
0.040000
0.050000
0.060000
0.070000
0.080000
0.090000
0.100000
0.110000
0.120000
0.130000
0.140000
0.150000
0.160000
0.170000
0.180000
0.190000
0.200000
0.210000
0.220000
0.230000
0.240000
0.250000
0.260000
0.270000
0.280000
0.290000
0.300000
0.310000
0.320000
0.330000
0.340000
0.350000
0.360000
0.370000
0.380000
0.390000
0.400000
0.410000
0.420000
0.430000
0.440000
0.450000
0.460000
0.470000
0.480000
0.490000
0.500000
0.510000
0.520000
0.530000
0.540000
0.550000
0.560000
0.570000
0.580000
0.590000
0.600000
0.610000
0.620000
0.630000
0.640000
0.650000
0.660000
0.670000
0.680000
0.690000
0.700000
0.710000
0.720000
0.730000
0.740000
0.750000
0.760000
0.770000
0.780000
0.790000
0.800000
0.810000
0.820000
0.830000
0.840000
0.850000
0.860000
0.870000
0.880000
0.890000
0.900000
0.910000
0.920000
0.930000
0.940000
0.950000
0.960000
0.970000
0.980000
0.990000
