#FP  TP  Thr
0.098974
0.076255
0.049948
0.043523
0.035230
0.031521
0.027908
0.025507
0.023568
0.021507
0.020294
0.019179
0.017991
0.017070
0.016294
0.015639
0.015130
0.014378
0.013699
0.013093
0.012826
0.012390
0.011978
0.011347
0.010935
0.010668
0.010256
0.009965
0.009723
0.009408
0.009165
0.008753
0.008535
0.008341
0.008026
0.007735
0.007565
0.007274
0.006983
0.006619
0.006207
0.005940
0.005722
0.005625
0.005455
0.005310
0.005043
0.004874
0.004607
0.004413
0.004219
0.004025
0.003879
0.003782
0.003588
0.003370
0.003201
0.003152
0.003031
0.002885
0.002885
0.002813
0.002643
0.002473
0.002352
0.002303
0.002231
0.002134
0.002061
0.002012
0.001940
0.001843
0.001746
0.001600
0.001576
0.001528
0.001406
0.001334
0.001164
0.001140
0.001043
0.000994
0.000970
0.000921
0.000873
0.000800
0.000776
0.000776
0.000727
0.000679
0.000630
0.000509
0.000461
0.000412
0.000339
0.000291
0.000267
0.000194
0.000145
0.999798
0.999747
0.999697
0.999596
0.999545
0.999444
0.999343
0.999191
0.999090
0.999039
0.998888
0.998787
0.998685
0.998635
0.998433
0.998230
0.998129
0.997927
0.997725
0.997523
0.997422
0.997270
0.997270
0.996966
0.996613
0.996562
0.996208
0.996056
0.995753
0.995703
0.995399
0.995146
0.995096
0.994894
0.994691
0.994439
0.994186
0.994135
0.993933
0.993781
0.993377
0.993073
0.992720
0.992568
0.992214
0.992062
0.991759
0.991354
0.990950
0.990394
0.989787
0.989180
0.988827
0.988574
0.988068
0.987765
0.987209
0.986956
0.986349
0.985793
0.985389
0.984883
0.984226
0.983265
0.982557
0.981647
0.980788
0.979979
0.979069
0.978159
0.977501
0.976490
0.975580
0.974316
0.973507
0.972395
0.971637
0.970120
0.968603
0.966732
0.964862
0.963143
0.961879
0.959856
0.957379
0.955357
0.953587
0.951312
0.948632
0.944689
0.942262
0.937914
0.932605
0.924465
0.916123
0.904090
0.889125
0.848931
0.808737
0.010000
0.020000
0.030000
0.040000
0.050000
0.060000
0.070000
0.080000
0.090000
0.100000
0.110000
0.120000
0.130000
0.140000
0.150000
0.160000
0.170000
0.180000
0.190000
0.200000
0.210000
0.220000
0.230000
0.240000
0.250000
0.260000
0.270000
0.280000
0.290000
0.300000
0.310000
0.320000
0.330000
0.340000
0.350000
0.360000
0.370000
0.380000
0.390000
0.400000
0.410000
0.420000
0.430000
0.440000
0.450000
0.460000
0.470000
0.480000
0.490000
0.500000
0.510000
0.520000
0.530000
0.540000
0.550000
0.560000
0.570000
0.580000
0.590000
0.600000
0.610000
0.620000
0.630000
0.640000
0.650000
0.660000
0.670000
0.680000
0.690000
0.700000
0.710000
0.720000
0.730000
0.740000
0.750000
0.760000
0.770000
0.780000
0.790000
0.800000
0.810000
0.820000
0.830000
0.840000
0.850000
0.860000
0.870000
0.880000
0.890000
0.900000
0.910000
0.920000
0.930000
0.940000
0.950000
0.960000
0.970000
0.980000
0.990000
