#FP  TP  Thr
0.112362
0.077423
0.051326
0.043099
0.036398
0.032888
0.029994
0.028079
0.026324
0.025002
0.023544
0.022336
0.021242
0.020330
0.019304
0.018416
0.017641
0.016889
0.016387
0.015840
0.015293
0.014769
0.014245
0.013698
0.013310
0.012763
0.012193
0.011897
0.011373
0.010963
0.010575
0.010302
0.009914
0.009595
0.009276
0.008980
0.008729
0.008251
0.007886
0.007590
0.007316
0.007065
0.006792
0.006655
0.006496
0.006359
0.006199
0.005926
0.005652
0.005493
0.005219
0.004969
0.004695
0.004536
0.004376
0.004171
0.003897
0.003806
0.003647
0.003578
0.003396
0.003236
0.003054
0.002895
0.002667
0.002598
0.002530
0.002302
0.002188
0.002097
0.002051
0.001983
0.001801
0.001709
0.001664
0.001527
0.001504
0.001459
0.001345
0.001254
0.001162
0.001117
0.001026
0.000934
0.000889
0.000866
0.000820
0.000752
0.000638
0.000593
0.000570
0.000479
0.000410
0.000387
0.000342
0.000251
0.000137
0.000114
0.000046
0.999811
0.999811
0.999558
0.999432
0.999243
0.999179
0.999053
0.998990
0.998864
0.998801
0.998674
0.998548
0.998359
0.998170
0.997980
0.997665
0.997475
0.997286
0.996970
0.996844
0.996655
0.996402
0.996213
0.995708
0.995519
0.995203
0.994950
0.994887
0.994887
0.994382
0.994193
0.994004
0.993877
0.993751
0.993372
0.992678
0.992173
0.991668
0.991353
0.991226
0.990658
0.990153
0.989712
0.989017
0.988765
0.987944
0.987250
0.986682
0.986429
0.985798
0.985167
0.984410
0.983715
0.983336
0.983021
0.982642
0.981948
0.981569
0.980938
0.980244
0.979486
0.978792
0.977971
0.976709
0.975699
0.974563
0.973805
0.972732
0.971470
0.970145
0.968819
0.967367
0.965916
0.964843
0.963138
0.961497
0.959982
0.958089
0.956258
0.954238
0.952660
0.950830
0.948558
0.946285
0.943508
0.940920
0.937070
0.934356
0.930001
0.925709
0.920533
0.914473
0.907278
0.897747
0.887711
0.872057
0.848892
0.804582
0.740832
0.010000
0.020000
0.030000
0.040000
0.050000
0.060000
0.070000
0.080000
0.090000
0.100000
0.110000
0.120000
0.130000
0.140000
0.150000
0.160000
0.170000
0.180000
0.190000
0.200000
0.210000
0.220000
0.230000
0.240000
0.250000
0.260000
0.270000
0.280000
0.290000
0.300000
0.310000
0.320000
0.330000
0.340000
0.350000
0.360000
0.370000
0.380000
0.390000
0.400000
0.410000
0.420000
0.430000
0.440000
0.450000
0.460000
0.470000
0.480000
0.490000
0.500000
0.510000
0.520000
0.530000
0.540000
0.550000
0.560000
0.570000
0.580000
0.590000
0.600000
0.610000
0.620000
0.630000
0.640000
0.650000
0.660000
0.670000
0.680000
0.690000
0.700000
0.710000
0.720000
0.730000
0.740000
0.750000
0.760000
0.770000
0.780000
0.790000
0.800000
0.810000
0.820000
0.830000
0.840000
0.850000
0.860000
0.870000
0.880000
0.890000
0.900000
0.910000
0.920000
0.930000
0.940000
0.950000
0.960000
0.970000
0.980000
0.990000
